1.0851,358
1.0118,355
1.1568,348
1.0726,356
1.0404,365
0.9873,380
1.0190,365
1.0894,344
1.0783,354
1.0832,347
0.9405,360
0.9620,371
0.9651,372
0.9218,373
1.0061,356
0.9050,379
0.9709,367
1.0146,364
1.0451,374
0.9868,364
0.9590,369
0.8987,384
1.0090,365
0.8979,364
0.9499,379
1.0246,363
0.9710,357
0.9016,379
0.9496,365
0.9208,384
0.8841,384
0.9851,371
1.1311,354
1.0328,366
1.0478,371
0.8458,381
1.0378,350
1.1647,358
0.9291,357
1.0732,350
1.1372,360
1.1374,356
1.0569,363
0.9975,368
0.9773,381
1.1370,345
0.8861,376
1.0052,366
1.0031,363
0.9983,363
1.1046,366
1.0722,354
0.9624,363
0.8744,369
1.0206,362
1.0110,366
0.9391,378
1.0896,370
0.9972,368
0.9757,369
1.0402,372
1.0205,365
1.0315,356
1.0292,353
1.0735,357
1.0632,364
1.1024,353
0.9530,379
1.0731,363
1.0888,356
0.8888,385
1.0738,363
0.9909,365
1.0045,380
1.0668,364
1.0520,355
0.9788,370
0.8707,392
0.9079,380
1.0631,363
0.9334,380
1.0228,374
0.9795,377
1.0363,370
0.9957,379
1.1800,357
0.9115,382
0.9672,367
0.9590,385
0.9380,375
1.0553,365
1.0058,369
0.9536,387
1.0645,373
0.9605,375
0.9858,374
1.0714,371
0.9789,375
0.8975,381
0.9126,380
1.0516,368
0.9707,370
0.9475,375
0.9683,375
0.9200,371
0.9470,381
1.0715,356
1.0210,361
0.9315,380
1.1388,358
0.9490,381
0.9013,393
1.0141,368
0.9937,372
1.1545,358
0.8863,379
0.9807,376
1.1399,359
0.8876,395
0.9280,386
0.9263,373
1.0454,371
0.9922,362
1.0569,367
1.0389,376
1.0639,358
0.9655,392
1.0342,375
0.9679,383
1.0351,369
0.9773,373
1.1422,361
1.0601,366
1.0174,369
0.9661,377
1.0642,367
1.0759,369
0.9963,373
1.1045,357
0.9860,382
1.0220,376
1.1143,362
1.1112,374
1.0251,366
0.9152,389
1.0279,375
1.0227,369
0.9365,380
1.0444,372
1.1199,362
1.0516,362
1.0715,366
0.9864,379
1.0336,362
1.0574,367
1.0064,369
1.1070,364
1.1118,370
0.9116,389
1.0437,369
0.9234,380
0.9060,392
0.9745,382
0.9304,377
1.1121,362
1.0189,375
1.0911,358
1.0525,369
0.9043,383
1.0368,380
0.8494,389
1.0280,376
1.0787,369
0.9527,374
1.0677,369
0.9966,375
1.0472,364
0.9852,367
0.9765,378
0.9110,383
1.0724,372
1.0134,359
1.1640,349
0.9550,383
1.0475,374
0.8291,394
1.0077,381
0.9012,382
1.0493,372
1.1138,356
0.8990,382
1.0903,362
0.9779,380
0.9528,384
1.0035,374
0.9501,366
1.2604,354
1.0315,379
1.1308,371
1.0814,369
1.0258,366
1.0261,372
1.1025,361
1.1195,356
1.0697,374
0.9990,370
1.0279,360
1.0000,377
1.2014,357
0.9907,371
1.0241,381
1.0045,373
1.1184,352
1.0584,378
1.0041,377
1.0964,371
1.0175,381
1.0600,357
1.0659,366
1.0225,380
1.0404,378
0.9569,378
1.1870,355
1.0638,370
1.1267,365
1.1476,350
1.0427,365
1.0983,372
1.1053,349
1.0568,370
1.1058,363
1.1181,361
1.0951,365
1.0744,363
1.0088,373
1.0780,363
1.1696,369
0.9538,366
1.0704,382
0.9474,388
1.1426,352
1.1112,358
0.9686,388
1.0429,371
1.0807,365
1.1980,349
1.0881,359
1.1091,364
1.0612,370
0.9832,378
1.0717,372
1.1276,358
1.0544,357
1.2476,351
0.9128,396
1.1086,371
1.1881,350
1.1056,366
0.9965,376
1.1869,363
1.2333,345
1.1583,360
1.1177,353
1.1030,358
1.0629,372
1.1813,342
1.0867,372
1.1380,368
1.1685,358
1.1690,368
1.0940,362
0.9397,384
1.1328,364
0.9409,381
1.0359,376
1.0835,353
0.9929,355
1.1399,344
1.0439,369
1.0730,371
0.9878,369
1.1499,360
1.0217,369
1.1020,360
1.0328,372
1.0471,374
1.1135,367
1.0297,367
1.1552,360
1.1894,348
1.0362,362
1.1593,361
0.9945,381
1.0209,377
1.0189,384
0.9100,394
1.0335,373
1.0228,372
1.0037,373
1.0733,371
1.0656,367
1.0777,363
1.0826,367
1.0548,376
1.1326,358
0.9666,382
1.1160,366
0.9371,389
1.1622,359
1.1128,368
1.1528,367
1.1411,366
1.0978,362
1.1222,365
0.9763,375
1.0846,352
1.0405,383
1.0785,362
1.1942,361
1.1943,349
1.0307,375
1.1112,366
1.0773,364
1.1470,364
1.0005,367
1.0040,376
1.1448,372
1.1374,361
1.1951,364
1.0185,372
1.0791,369
1.1428,366
1.1126,362
1.0522,375
1.1115,351
1.1487,355
1.1062,366
1.0059,375
1.1036,364
1.0213,380
1.0360,367
1.2310,342
1.0750,360
1.1115,370
1.1680,358
1.0454,372
1.0736,374
1.1752,359
1.2165,352
0.9746,383
1.1155,358
1.1060,371
1.0014,374
1.0800,361
1.0935,369
1.0863,362
1.1839,356
1.1523,367
1.1872,357
1.1363,349
1.1225,359
1.1573,363
1.1172,359
1.3066,347
1.0792,369
1.1835,353
1.1778,344
1.1547,360
1.0126,379
1.2206,355
1.1036,369
1.1279,370
1.0582,375
1.0928,370
1.0272,371
1.0822,372
1.1439,371
0.9985,380
1.2107,348
1.2076,351
1.1624,364
1.1377,369
1.1526,365
1.3394,342
1.1440,349
1.0867,370
1.1434,359
1.1283,361
1.1172,368
1.0769,372
1.0672,371
1.0576,363
1.0826,365
1.0305,364
1.2043,357
1.1307,358
1.1184,355
1.1944,353
1.0958,366
1.1492,357
0.9852,379
1.1673,360
1.2009,360
1.0316,368
1.1315,356
1.1523,370
1.0694,358
1.2351,344
1.2123,350
1.0824,368
1.0916,361
1.0982,362
1.0282,368
1.1418,369
1.0409,378
1.0339,362
1.1242,362
1.1131,370
1.1917,364
1.1946,351
1.0438,381
1.0693,370
1.0547,379
1.1869,362
1.1706,361
1.1107,348
1.1250,373
1.1121,369
1.1400,360
0.9134,395
1.3079,359
1.2550,354
1.0761,379
1.1207,362
1.1262,369
1.0965,366
1.1086,370
1.0081,379
1.1358,372
1.1316,365
1.0634,361
0.9852,376
1.1598,355
1.1088,369
1.1334,353
0.9665,397
1.1908,373
1.0162,388
1.2467,357
1.2021,350
1.0783,366
1.1999,365
1.0885,374
1.1045,354
1.1683,357
1.0140,374
1.1140,368
1.1068,373
1.1314,372
1.2591,360
1.1531,360
1.1345,357
1.3007,356
1.0520,359
1.2260,352
1.1556,361
1.1532,350
1.1045,373
1.0641,376
1.1739,360
1.2436,363
1.2392,351
1.0546,367
1.1888,359
1.1641,351
1.2353,344
1.0932,362
1.2338,377
1.1647,354
1.1067,363
1.1700,352
1.2117,359
1.0953,366
1.1371,366
1.1156,374
1.0789,367
1.1724,352
1.1382,350
1.2120,364
1.3463,337
1.2053,343
1.0956,366
1.0472,367
1.1122,368
1.1080,373
1.3167,345
1.0657,380
1.2136,357
1.1461,360
0.9993,376
1.1753,358
1.1274,365
1.2358,355
1.1441,342
1.2340,355
1.0237,382
1.1702,358
1.1449,358
1.0575,374
1.1851,348
1.1986,369
1.1393,365
1.1227,363
1.0777,364
0.9873,387
1.1380,357
1.0738,376
1.2771,341
0.9752,370
1.2020,366
1.1111,357
1.0523,373
0.9712,388
1.1508,365
1.0533,373
1.0752,375
1.2326,354
1.2082,348
1.2268,362
1.1558,367
1.1750,353
1.1989,356
1.2122,373
1.0773,369
1.3145,352
1.1070,366
1.2041,350
1.0663,365
1.1009,377
1.0808,363
1.1825,346
1.1405,368
1.1131,385
1.1713,374
1.0981,381
1.4345,350
1.0377,375
1.3704,342
1.0846,376
1.1840,352
1.1926,359
1.1797,363
1.0858,367
1.2017,350
1.2369,355
1.1705,367
1.1805,354
1.0866,372
1.0936,382
1.1239,360
1.1526,356
1.0977,377
1.1672,340
1.1599,365
1.1149,364
1.1520,360
1.1310,362
1.2881,358
1.0964,371
1.0118,384
1.2750,350
1.0189,382
1.0024,377
1.1524,361
1.3005,356
1.0944,361
1.2108,356
1.1185,358
1.0943,370
1.3163,340
1.1848,360
1.1368,362
1.2052,366
1.2214,356
1.0548,375
1.1253,370
1.1509,356
1.2161,351
1.2474,374
1.0199,368
1.1672,368
1.2031,363
1.1805,349
1.3079,348
0.9908,384
1.0052,389
1.1718,355
1.1863,349
1.1898,367
1.0334,390
1.2254,352
1.1752,361
1.1370,377
1.0912,376
1.3333,344
1.2352,348
1.1769,359
1.2190,354
1.0571,358
1.1392,358
0.9301,384
1.0300,382
1.2047,355
1.1298,360
1.1055,366
1.2725,349
1.1785,368
1.1181,348
1.0794,376
1.1611,367
1.2320,361
1.3766,336
1.2179,354
1.0641,369
0.9881,389
1.0847,369
1.1038,364
1.2425,362
1.2185,352
1.2028,358
1.1499,354
1.2031,356
1.1441,356
1.1477,371
1.1931,367
1.1244,374
1.1133,366
1.2678,349
1.2613,357
1.1373,367
1.1475,359
1.2014,358
1.0940,381
1.0520,362
1.2399,357
1.2733,354
1.3003,351
1.1487,375
1.1426,362
1.2721,344
1.2841,361
1.2303,358
1.0745,378
1.1249,357
1.1739,363
1.1586,374
1.0403,381
1.1890,362
1.1070,371
1.0359,375
1.0790,361
1.0963,356
1.2225,360
1.0856,370
1.1514,360
1.3051,349
1.1132,360
1.2688,349
1.1433,359
1.2599,348
1.1591,360
1.1864,364
1.2013,364
1.1625,360
1.2940,337
1.2117,355
1.2285,355
1.1105,363
1.1171,361
1.1210,364
1.0700,375
1.1305,375
1.1553,370
1.1953,351
1.1681,361
1.2720,339
1.0313,378
1.2854,353
1.1913,357
1.0815,363
1.1301,362
1.0948,363
0.9973,369
1.2839,340
1.1119,381
1.1473,365
1.1793,361
1.1663,371
1.2516,364
1.1252,359
1.1111,355
1.1797,368
1.1863,349
1.0845,360
1.2350,357
1.0831,363
1.1852,360
0.9548,380
1.3218,343
1.0641,380
1.0568,375
1.2223,356
1.2864,345
1.2015,350
1.3399,349
1.2297,348
1.1959,357
1.2063,357
1.1453,365
1.0542,372
1.0691,361
1.1778,368
1.2025,358
1.1789,368
1.0167,371
1.1399,372
1.1689,377
1.1612,359
1.2120,355
1.2038,351
1.1984,360
1.1232,379
1.2477,361
1.1353,371
1.1154,372
1.1875,365
1.0808,374
1.1279,367
1.0771,371
1.1617,363
1.1708,355
1.2171,363
1.1932,356
1.2932,355
1.3578,334
1.1645,369
1.1835,364
1.1848,358
1.1124,359
1.1524,360
1.2154,367
1.2387,343
1.2550,367
1.1455,361
1.3297,335
1.1283,365
0.9882,381
1.0774,368
1.1710,366
1.1587,362
1.2397,351
1.2487,357
1.1305,369
0.9768,376
1.1695,362
1.2233,367
1.1135,364
1.2014,368
1.2605,358
1.1593,362
1.0898,370
1.2633,352
1.0555,377
1.2392,360
1.1018,374
1.2311,370
1.1832,361
1.1027,368
1.2739,345
1.0913,373
1.1690,364
1.0487,369
1.1755,360
1.0959,379
1.2293,355
1.3047,370
1.1117,367
1.2404,359
1.2777,349
1.2218,359
1.1672,370
1.2232,370
1.1644,370
1.1801,352
1.1629,365
1.0861,367
1.2989,342
1.0805,367
1.2539,342
1.2580,367
1.0897,385
1.1335,360
1.1140,377
1.1037,378
1.0897,384
1.0669,380
1.1461,376
1.0801,368
1.0036,383
1.2584,357
1.1551,361
1.2691,356
1.1523,364
1.1958,370
1.1937,361
1.0982,380
1.1523,369
1.0617,372
1.2741,352
1.3140,344
1.0875,374
1.0490,385
1.2051,361
1.2745,366
1.0954,369
1.1125,362
1.0505,370
1.1311,367
1.0618,371
1.2013,366
1.1893,360
1.1556,359
1.2012,370
1.0323,373
1.1411,373
1.0793,379
1.2090,372
1.0531,387
1.1964,356
1.2163,370
1.2985,341
1.1973,371
1.0307,383
1.0883,374
1.1866,363
1.0894,379
1.1867,346
1.2095,357
1.1295,369
1.1972,353
1.2097,354
1.3461,340
1.1570,364
1.2821,345
1.1594,373
1.0580,386
1.1419,376
1.1556,369
1.0727,370
1.0883,368
1.1292,384
1.0521,368
1.0673,375
1.1342,362
1.1727,370
1.0845,380
1.1849,362
1.1805,365
1.0087,380
0.9875,377
1.0430,371
1.1101,359
1.2719,353
1.0369,376
1.1404,373
1.1369,364
1.2272,364
1.0713,381
1.1697,364
1.0814,372
1.1053,374
1.0998,362
1.1390,373
1.2384,367
1.2521,365
1.1129,378
1.1481,358
1.1432,381
1.1600,371
1.1686,365
1.0723,380
1.1670,363
1.1358,363
1.3099,355
1.0312,376
1.2003,375
1.1209,366
1.1838,358
1.1113,374
1.2076,370
1.2404,354
1.1236,367
1.1629,363
1.1694,356
1.1389,364
1.0231,371
1.1751,365
1.0880,377
1.2232,357
1.1828,360
0.9639,381
1.2265,347
1.1932,371
1.0088,380
1.1506,362
1.1947,378
1.1914,370
1.0948,370
1.2217,353
1.2008,350
1.3110,352
1.1950,355
1.1510,358
1.1819,362
1.1666,357
1.2414,363
1.0741,379
1.0263,362
1.2904,358
1.3633,350
1.0272,370
1.0604,370
1.1480,377
0.9368,382
1.2885,340
1.2821,353
1.1272,367
1.1384,379
1.2966,355
1.1162,371
1.2942,366
1.2584,343
1.1345,362
1.1359,374
1.1341,372
1.1742,367
0.9828,386
1.0936,357
1.2607,358
1.3194,344
1.0597,389
1.2537,356
1.1269,376
1.1834,357
1.1846,365
1.2498,356
1.3413,357
1.2050,367
1.2111,356
1.2688,367
1.1783,359
1.1773,365
1.2216,357
1.1062,380
1.2842,355
1.0203,390
1.2956,356
1.1367,380
1.3391,340
1.3394,341
1.2191,361
1.2044,360
1.2149,367
1.0585,372
1.0711,379
1.0978,381
1.1938,374
1.2420,348
1.0828,381
1.1548,366
1.1342,362
1.2027,366
1.0976,381
1.1330,367
1.2971,352
1.3390,351
1.3126,343
1.1834,366
1.2576,350
1.2286,360
1.0067,386
1.2414,369
1.3392,344
1.4118,339
1.2978,356
1.1927,365
1.2383,339
1.1633,355
1.1472,358
1.1041,367
1.1425,368
1.1046,358
1.0775,369
1.2433,355
1.1044,373
1.1087,368
1.0975,364
1.2428,352
1.2047,378
1.0722,375
1.0604,377
1.0732,364
0.8975,385
1.1962,363
1.1389,367
1.1450,360
1.1827,368
1.2304,355
1.1801,371
1.1568,371
1.2547,350
1.0290,392
1.0882,377
1.1618,363
1.1496,358
1.1714,359
1.0415,383
1.1916,356
1.2482,355
1.2690,362
1.1683,366
1.1735,361
1.1947,364
1.1306,358
1.0911,368
1.1094,385
1.1984,353
1.1804,366
1.2310,363
1.1493,368
1.2892,360
1.0431,377
1.0078,374
1.1589,365
1.0633,379
1.0013,391
1.1401,374
1.0763,385
1.0488,372
1.1182,387
1.2329,368
1.2194,366
1.1834,360
1.1258,377
1.0399,383
1.1566,369
1.2779,361
1.2263,355
1.0594,381
1.1124,375
1.2871,360
1.1492,371
1.1353,363
1.1653,370
1.0660,369
1.2224,364
1.2154,371
1.0911,380
1.1862,372
1.2554,347
1.1620,379
1.1632,368
1.1232,373
1.1500,375
1.2842,352
1.1351,355
1.1338,370
1.2447,364
1.1067,363
1.1337,363
1.2768,357
1.0789,366
0.9450,398
1.0318,371
1.2884,343
1.3105,349
1.1851,356
1.2244,356
1.0963,374
1.0902,361
1.1863,362
1.1957,361
1.0534,374
1.2391,352
1.2161,376
1.2639,359
1.0109,385
1.2818,356
1.1640,369
1.1646,363
1.0683,365
1.2016,365
1.2990,350
1.1747,359
1.2327,364
1.2209,358
1.1137,377
1.1955,358
1.0930,356
1.2998,358
1.1288,361
1.1334,361
1.1423,356
1.0349,381
1.1040,369
1.2413,364
1.3089,364
1.1826,375
1.0805,356
1.0971,365
1.1338,365
1.2062,361
1.1213,370
1.1627,379
0.9993,375
1.3721,345
1.1756,377
1.0225,377
1.0812,368
1.0146,380
1.1821,369
1.3288,338
1.2358,362
1.2136,367
1.1563,373
0.9687,381
1.2001,356
1.0655,377
1.1305,382
1.1316,365
1.0743,365
1.1501,364
1.2493,348
0.9804,396
1.1633,370
1.1539,371
1.2413,367
1.0986,379
1.2498,352
1.1293,376
1.1632,371
1.1590,371
1.2519,366
1.0960,376
1.1262,380
1.1786,363
1.1665,363
1.1399,368
1.1023,364
1.0894,363
1.2232,363
1.0888,370
1.1473,375
1.1306,379
1.1169,368
1.0929,369
1.1617,368
1.2842,361
1.1179,362
1.0745,375
1.0451,376
1.2233,362
1.0723,381
0.9517,390
1.2214,371
1.1620,368
1.2439,353
1.0648,376
1.1017,387
1.0831,364
1.1636,354
1.0779,370
1.1686,367
1.1502,353
1.2753,358
1.4185,348
1.1536,373
1.0577,374
1.2097,368
1.2229,362
1.0456,379
1.1617,360
1.1862,360
1.2847,359
1.1211,371
1.0866,358
1.0891,386
1.2297,356
1.2318,361
1.0854,377
1.1165,378
1.1548,373
1.1268,373
1.0801,364
1.0846,378
1.1409,369
1.1495,377
1.1073,382
1.2635,366
1.1676,369
1.1453,376
1.2559,354
1.2516,359
1.0860,376
1.1983,357
1.2326,363
1.2215,374
1.1261,371
1.0968,363
1.2465,362
1.2512,357
1.1792,367
1.0864,366
1.1883,365
1.2248,360
1.2116,365
1.1343,373
1.2338,371
1.2435,373
1.2280,356
1.1795,366
1.1740,367
1.2809,359
1.2139,373
1.2472,354
1.3245,347
1.2460,368
1.1544,366
1.0252,383
1.4186,348
1.2208,352
1.1714,363
1.2674,347
1.0791,373
1.2578,351
1.3062,363
1.2076,361
1.2181,373
1.2668,371
1.0873,376
1.0631,382
1.2344,379
1.0474,386
1.2020,374
1.2699,354
1.3123,337
1.2259,364
1.1251,370
1.2416,356
1.2031,359
1.1957,356
1.0976,362
1.5577,332
1.2851,359
1.1803,361
1.1430,368
1.1805,366
1.1610,380
1.1038,370
1.2490,363
1.1752,363
1.1827,359
1.1472,380
1.1629,372
1.1710,367
1.0385,378
1.0436,364
1.1866,356
1.0974,369
1.2716,351
1.1999,352
1.0519,381
1.2034,373
1.1264,368
1.1977,376
1.1548,386
1.1585,360
1.2915,378
1.2024,364
1.0892,379
1.2374,359
1.2418,362
1.2765,358
1.0719,374
1.2061,364
1.1424,364
1.3476,357
1.1308,372
1.1044,370
1.1782,364
1.1035,385
1.3219,361
1.2382,354
1.0866,383
1.3320,353
1.1103,372
1.1921,363
1.0515,367
1.1390,359
1.2072,372
1.1885,370
1.1771,361
1.3888,358
1.1462,363
1.3601,354
1.2368,353
1.1533,369
1.0296,372
1.1815,362
1.2752,357
1.1209,373
1.1625,373
1.2062,369
1.3271,353
1.1966,366
1.2531,362
1.1210,367
1.0677,388
1.1049,371
1.2788,359
1.1051,377
1.0738,382
1.1647,374
1.3464,345
1.1986,356
1.0632,370
1.1037,370
1.1928,378
0.9732,396
1.1503,366
1.2158,353
1.0736,374
1.1333,368
1.1274,360
1.2739,372
1.1923,356
1.0127,381
1.0557,387
1.0380,380
1.2351,345
1.2915,361
1.2091,357
1.1183,374
1.1291,372
1.1795,365
1.2394,360
1.2877,368
1.1777,372
1.1822,372
1.2513,362
1.1834,374
1.1385,375
1.0576,376
1.2222,357
1.2648,369
1.1680,368
1.0172,378
1.1686,358
1.1266,376
1.2957,358
1.2269,366
1.2477,351
1.3173,367
1.2584,360
1.3988,344
1.1875,370
1.2773,373
1.1636,373
1.1483,371
1.2989,354
1.0776,372
1.3440,340
1.0593,375
1.1386,366
1.2678,360
1.1178,372
1.2075,357
1.2058,372
1.1429,371
1.0049,382
1.1749,380
1.3518,348
1.1632,363
1.2310,355
1.0864,369
1.1510,372
1.1009,372
1.1218,375
1.0382,372
1.0930,380
1.3042,360
1.2223,367
1.1710,371
1.0711,382
0.9973,378
1.1352,379
1.2411,361
1.2654,357
1.1249,362
1.2291,368
1.2241,361
1.1188,374
1.0542,384
1.2749,362
1.0771,385
1.2536,360
1.0396,386
1.2566,353
1.1537,367
1.0755,370
1.3190,353
1.0275,382
1.1201,368
1.1994,365
1.0884,370
1.2226,370
1.2999,355
1.1223,370
1.1216,383
1.2630,369
1.2094,378
1.1829,374
1.1465,363
1.0901,389
1.2486,364
1.2874,366
1.1381,376
1.0636,372
1.0942,382
1.1805,368
1.0349,390
1.0023,389
1.0925,394
0.9596,376
1.1132,374
1.1932,366
1.1373,370
1.1881,373
1.1702,376
1.2012,361
1.0902,363
1.3046,353
1.1626,381
1.1031,381
1.1785,382
1.1392,373
1.2315,346
1.2080,368
1.1722,374
1.3747,351
1.1696,361
1.0319,371
1.3188,357
1.1027,368
1.2275,353
1.1329,373
1.2036,378
1.2061,369
1.2789,365
1.1144,378
1.0843,375
1.1803,357
1.2841,353
1.1088,375
1.2808,354
1.1568,371
1.0789,371
1.0751,382
1.1524,352
1.2480,358
1.1589,381
1.1944,374
1.1809,357
1.2145,359
1.3989,353
0.9971,376
1.0125,384
1.1542,368
1.1583,371
1.1425,387
1.2859,356
1.1872,366
1.3691,351
1.1377,368
1.2950,354
1.1816,375
1.2019,359
1.1215,374
1.1744,379
1.1269,373
1.1069,370
1.0832,379
1.3147,360
1.1761,370
1.0662,381
1.3137,353
1.1342,389
1.2144,355
1.2160,360
1.1207,364
1.1973,378
1.3755,357
1.2045,362
1.3964,360
1.1810,362
1.3310,366
1.3432,371
1.1175,386
1.0709,375
1.0504,384
0.9920,381
1.2286,361
1.0828,378
1.3214,354
1.2087,376
1.0744,380
1.1006,375
1.1491,376
1.2152,369
1.2055,358
1.1801,363
1.0643,378
1.2369,351
1.2347,356
1.2097,373
1.1609,357
1.2523,365
1.1820,369
1.0724,373
1.1380,376
1.2163,372
1.2520,349
1.2107,368
1.1018,370
1.0912,371
1.3480,359
1.0192,380
1.2508,373
1.2239,361
1.0008,381
1.0693,385
1.2265,371
1.2698,379
1.0509,373
1.2044,375
1.2360,366
1.3842,347
1.2274,361
1.0819,382
1.1902,368
1.2763,350
1.3303,357
1.0857,391
1.2212,365
1.2388,367
1.1543,374
1.1577,372
1.1441,356
1.1648,378
1.1768,368
1.1149,371
1.2264,358
1.2328,359
1.1831,366
1.1466,367
1.2048,369
1.0017,398
1.1318,374
1.1709,366
1.1683,379
1.2524,361
1.2572,360
1.2763,354
0.9761,384
1.2317,364
1.2408,364
1.2796,355
1.1142,362
1.1222,385
1.2941,363
1.2445,350
1.1278,385
1.0582,364
1.0713,380
1.1947,365
1.1193,374
1.1611,359
1.2033,359
1.2451,360
1.1822,368
1.1614,357
1.1740,365
1.2827,377
1.0450,376
1.0395,385
1.2549,358
1.1681,372
0.9870,400
1.1003,379
1.3286,347
1.0815,387
1.0768,371
1.1735,360
0.9874,392
1.1760,369
1.0541,378
1.1857,360
1.2316,371
1.2444,356
1.1380,368
1.2247,365
1.4097,341
1.1522,383
1.0070,399
1.1507,365
1.0614,382
1.2353,362
1.4074,368
1.3033,350
1.1260,376
1.2529,364
1.1623,383
1.1107,369
1.1885,359
1.1773,365
1.1613,377
1.1270,364
1.1831,369
1.1374,386
1.1483,381
1.0482,389
1.1576,382
1.2689,353
1.1929,361
1.2354,364
1.1938,383
1.1056,380
1.2044,370
1.2963,356
1.1848,357
1.1577,372
1.1996,372
1.2579,370
1.0733,377
1.2027,382
1.0989,385
1.2707,366
1.0690,374
1.1437,364
1.2124,357
1.2096,364
1.2214,352
1.3328,349
1.2571,365
1.1658,370
1.3094,361
1.3077,373
1.0046,376
1.1951,361
1.2144,361
1.1492,378
1.0823,383
1.1043,376
1.1889,371
1.1115,375
1.2728,362
1.1474,378
1.3220,354
1.3157,352
1.2337,373
1.2344,371
1.2956,346
1.0544,391
1.1359,360
1.1332,367
1.0876,370
0.9513,379
1.1999,372
1.1734,373
1.0033,391
1.1210,374
1.1306,372
1.1079,372
1.2589,365
1.1622,366
1.1633,365
1.0844,380
1.1660,381
1.1422,360
1.1551,367
0.9782,389
1.1647,376
1.0842,392
1.0274,375
1.2599,363
1.2162,367
1.0796,372
1.0321,381
1.1195,386
1.2370,362
1.1270,376
1.2824,375
1.1772,371
1.1521,375
1.0717,373
1.1392,377
1.0640,384
1.1865,364
1.2794,347
1.1485,373
1.1089,375
1.2840,357
1.3127,344
1.1745,373
1.1389,373
1.1156,376
1.2143,369
1.1870,378
1.1073,374
1.0278,384
1.1631,365
1.3509,351
1.2053,364
1.2559,360
1.0542,388
1.1323,384
1.0510,385
1.0898,375
1.2319,370
1.1964,385
1.1719,382
1.1628,365
1.1424,362
1.0988,381
1.2460,369
1.1246,377
1.2586,360
1.2115,367
1.0271,374
1.1842,369
1.1916,374
1.1614,382
1.3125,370
1.3060,358
1.4086,351
1.2898,354
1.1043,389
1.2520,349
1.0620,386
1.0852,381
1.1135,377
1.1851,362
1.1570,368
1.3579,350
1.3510,351
1.2764,362
1.2419,374
1.2084,364
1.3445,354
1.1103,373
1.2512,368
1.3011,351
1.1951,373
1.0873,378
1.1531,362
1.2645,355
1.2237,355
1.0922,382
1.1016,379
1.1920,370
1.1885,365
1.1518,368
1.1753,376
1.1437,373
1.0857,386
1.2342,363
1.2059,372
1.1860,373
1.1967,365
1.1690,373
1.2949,348
1.2954,365
1.1131,383
1.1826,359
1.1790,367
1.0390,392
1.2458,364
1.1129,368
1.1401,368
1.1619,377
1.2116,362
1.1397,373
1.1772,375
1.0991,371
0.9827,388
1.2394,369
1.1812,373
1.0999,381
1.2935,361
0.9916,391
1.1353,373
1.2647,349
1.2828,368
1.0881,387
1.2026,355
1.2399,370
1.1550,375
1.2578,373
1.1877,358
1.1542,369
1.2537,363
1.0635,377
1.1914,377
1.2515,366
1.0918,376
1.2207,365
1.2303,360
1.1928,371
1.1669,369
1.1557,377
1.2850,372
1.1082,369
1.0467,376
1.2642,358
1.2503,346
1.1605,362
1.1179,373
1.1443,371
1.0027,374
1.0852,389
1.1832,374
1.0288,389
1.0906,390
0.9718,396
1.1910,367
1.1692,376
1.1130,393
1.1834,377
1.0695,377
1.0834,378
1.1826,362
1.0070,382
1.1405,376
1.0685,379
1.1978,359
1.2539,370
0.9843,382
1.1986,375
1.1513,357
1.1504,376
1.3255,362
1.2122,374
1.2571,370
1.2937,356
1.1978,360
1.0540,380
1.0690,369
1.0602,377
1.2330,369
1.1971,375
1.2032,345
1.3873,342
1.1642,374
1.1427,382
1.2233,355
1.2057,376
1.1839,364
1.1280,372
1.3637,349
1.1272,366
1.2537,360
1.3216,362
1.3182,356
1.0803,379
1.1935,369
1.0612,366
1.1644,379
1.1156,366
1.2233,366
1.1893,369
1.2666,356
1.1907,375
1.3397,359
1.1273,367
1.1271,374
1.2491,369
1.1204,372
1.1251,386
1.0850,385
0.8916,391
1.1457,371
1.4203,346
1.2254,367
1.0247,387
1.1067,376
1.1992,360
1.1713,366
1.0616,391
1.1778,377
1.3114,366
1.1794,374
1.1495,379
1.2854,361
1.2555,362
1.1286,367
1.2080,365
1.1858,368
1.2228,366
1.3164,362
1.2341,369
1.0949,368
1.3248,375
1.0410,375
1.2601,370
1.3317,353
1.1886,363
1.2001,363
0.9561,399
1.2530,366
1.2336,357
1.2563,361
1.1024,377
1.1068,367
1.3879,352
1.1364,379
1.3184,356
1.3627,359
1.1708,371
1.2162,367
1.3026,350
1.0961,381
1.2758,354
1.0061,383
1.3197,357
1.1838,369
1.0379,387
1.1754,374
1.0938,368
1.1037,374
1.1693,384
1.1722,369
1.2715,361
1.1433,380
1.1191,371
1.2181,366
1.2850,360
1.2012,359
1.2037,364
1.1860,370
1.3410,358
1.1105,386
1.1463,378
1.2562,359
1.1723,371
1.1565,383
1.1589,369
1.1771,365
1.1516,380
1.2184,367
1.1942,367
1.1944,369
1.0373,392
1.2320,361
1.2104,369
1.2470,358
1.1711,376
1.1666,370
1.3769,348
1.1084,377
1.1589,369
1.0891,385
1.0631,373
1.3660,347
1.1816,370
1.0964,370
1.1963,360
1.3100,365
1.1192,372
1.1448,370
1.1138,373
1.1130,395
1.1259,381
1.1278,381
1.2388,373
1.1466,371
1.2466,356
1.1825,360
1.2033,365
1.1114,368
1.3261,356
1.2100,367
1.2129,370
1.0656,385
1.0997,385
1.3371,355
1.2673,361
1.1776,362
1.1079,377
1.1846,355
1.0774,376
1.1682,367
1.1565,374
1.2552,358
1.1241,383
1.1853,375
1.0569,383
1.1295,372
1.1223,368
1.1741,386
1.3168,365
1.0986,362
1.3292,344
1.1974,366
1.2443,364
1.2811,355
1.0813,367
1.1585,379
1.1397,369
1.2780,361
1.1264,359
1.3594,354
1.1786,366
1.0539,371
1.0560,383
1.2070,370
1.2030,365
1.1838,377
1.3324,349
1.2864,367
1.1139,378
1.1336,368
1.1063,370
1.0960,376
1.0808,380
1.0867,371
1.2736,372
1.2228,363
1.3112,362
1.3317,344
1.2262,360
1.2019,367
1.0893,375
1.1207,368
1.1745,372
1.1812,350
1.1328,374
1.1623,366
1.0296,369
1.0092,384
1.0792,378
1.1018,382
1.0637,372
1.2305,363
1.2876,359
1.2383,361
1.0847,379
1.3306,366
1.2364,359
1.2918,361
1.2146,362
1.2135,365
1.1490,364
1.2835,358
1.3645,338
1.1627,359
1.0698,370
1.1640,367
1.1782,372
1.0822,379
1.1984,377
1.0591,379
1.0881,390
1.3141,348
1.1928,370
1.2356,365
1.0590,385
1.3466,351
1.1647,364
1.0724,373
1.2790,363
1.1839,357
1.1482,376
1.0229,385
1.1637,387
1.2325,366
1.0990,379
1.1904,375
1.1405,369
1.3094,371
1.1201,374
1.3457,372
1.2946,359
1.2002,372
1.0518,371
1.2839,365
1.3068,353
1.1182,383
1.1636,377
1.2389,364
1.1024,381
1.2029,368
1.1879,365
1.1351,371
1.2280,375
1.2441,362
1.2738,367
0.9767,379
1.1479,363
1.1772,363
1.0433,381
1.3027,342
1.1430,380
1.2382,362
1.2082,362
1.5744,346
1.1114,386
1.2813,364
1.3178,376
1.2427,372
1.1495,375
1.0225,383
1.1371,368
1.2544,364
1.2009,373
1.1184,364
1.2027,370
1.2836,362
1.1914,365
1.1628,379
1.2694,373
1.3018,366
1.2415,361
1.1621,365
1.2403,369
1.0797,364
1.1415,360
1.3654,353
1.0511,374
1.1900,372
1.1358,387
1.2693,363
1.1774,366
1.2663,364
1.1615,372
1.1184,364
1.0619,386
1.2209,363
1.1773,377
1.1183,374
1.2326,355
1.3519,363
1.1275,386
1.3040,351
1.3305,359
1.2024,359
0.9974,391
1.0651,380
1.3116,352
1.1554,360
1.1784,348
1.3498,344
1.1770,373
1.0681,377
1.1785,385
1.2170,369
1.1227,377
1.1500,364
1.2164,370
1.0822,391
1.1007,379
1.1530,388
1.0783,379
1.1158,381
1.1795,376
1.1662,351
1.3518,370
1.1184,380
1.2055,373
1.3672,353
1.1072,380
1.0939,378
1.0863,389
1.1564,378
1.0124,392
1.0357,388
1.3080,368
1.0219,384
1.1642,374
1.2478,364
1.1342,382
1.3839,375
1.2779,371
1.2134,373
1.1074,392
1.1369,386
1.2067,374
1.1126,373
1.2307,370
1.0231,393
1.1602,362
1.1206,390
1.0778,385
1.2338,369
1.1812,357
1.2551,358
1.2868,374
0.8717,411
0.9605,377
1.2272,366
1.2991,372
0.9960,385
1.0864,385
1.1493,373
0.9852,390
1.1687,367
1.0586,391
1.2742,378
1.1372,381
1.1470,372
1.3505,367
1.2197,369
0.9612,387
1.3711,368
1.1541,362
1.2433,367
1.3187,360
1.1964,369
1.1456,373
1.1174,368
1.2151,372
1.0710,381
1.3083,349
1.1659,374
1.0749,367
1.0936,381
1.1731,373
1.2850,376
1.1109,372
1.3296,369
1.3637,357
1.1801,364
1.1801,386
1.4336,354
1.3207,346
0.9789,378
1.1861,372
1.2200,371
1.2867,353
1.1708,380
1.1926,376
1.1689,379
1.1118,378
1.1178,375
1.0239,387
1.1185,381
1.2052,373
1.0944,379
1.1487,384
1.1436,381
1.0533,378
1.2989,364
1.3875,365
1.3362,354
1.2899,373
1.1938,363
1.2084,374
1.1876,362
1.0770,374
1.2108,371
1.1171,370
1.1050,374
1.2297,372
1.3272,355
1.2393,358
1.2961,368
1.1834,372
1.1266,372
1.2872,369
1.1400,372
1.1383,378
1.1809,375
1.2601,363
1.1875,380
1.2106,372
1.2364,374
1.0542,386
1.0660,370
1.2288,362
1.1708,368
1.2345,364
1.1130,381
1.2261,376
1.1246,377
1.1857,358
1.0578,383
1.1029,375
1.1411,376
1.1491,379
1.2645,378
1.2713,370
1.1842,368
1.0274,391
1.2110,368
1.1848,374
1.0514,377
1.1718,375
1.0704,379
1.1222,371
1.1592,370
1.0710,365
1.2284,364
1.2305,364
1.1931,383
1.1538,376
1.2782,368
1.2222,353
1.1691,375
1.2341,349
1.2932,362
1.2305,364
1.2756,372
1.1921,371
1.3222,373
1.2375,370
1.2241,376
1.0477,384
1.1048,380
1.1784,367
1.2268,361
1.0715,378
1.0403,383
1.4227,364
1.1068,369
1.1459,368
1.1247,372
1.0902,371
1.2333,365
1.2595,366
1.2122,379
1.1405,388
1.1719,369
1.0246,390
1.3741,364
1.2315,369
1.3021,370
1.1612,366
1.2658,366
1.1356,374
1.2303,365
1.1161,379
1.1030,380
1.1362,366
1.1756,371
1.2692,372
1.0714,379
1.2110,384
1.1330,380
1.2084,361
1.0566,383
1.2377,364
1.1399,381
1.3455,363
1.1313,371
1.1221,372
1.0453,395
1.1014,376
1.2163,362
1.1816,365
1.1930,360
1.0425,383
1.3023,359
1.1971,370
1.2932,368
1.2013,367
1.2785,355
1.2622,369
1.2583,367
1.2054,358
1.3060,364
1.2842,375
1.1725,379
1.2243,366
1.1931,371
1.1555,365
1.3108,358
1.0235,388
1.1887,370
1.2813,366
1.1802,369
1.1833,367
1.2711,377
1.0641,385
1.2066,362
1.1022,378
1.1670,369
1.1809,366
1.1695,368
1.1387,378
1.1215,366
1.2104,372
1.2079,372
0.9738,389
1.1597,378
1.3280,372
1.1646,385
1.1382,379
1.2681,364
1.1149,385
1.1785,369
1.2277,377
1.1813,373
1.1220,379
1.2263,383
1.2274,370
1.2539,370
1.2742,369
1.0643,372
1.2299,351
1.2668,359
1.1504,363
1.1368,366
1.1715,375
1.2226,365
1.0893,380
1.1912,363
1.0777,381
1.1509,375
1.0320,385
0.9658,395
1.1344,369
1.1984,366
1.1248,376
1.2418,369
1.2386,374
1.2067,364
1.2422,368
1.3379,357
1.1991,372
1.1137,364
1.2561,365
1.2106,374
1.3026,367
1.2816,352
1.3120,367
1.1299,383
1.1537,367
1.1290,375
1.3233,351
1.1746,351
1.0303,381
1.3066,355
1.3055,359
1.2017,374
1.1168,376
0.9551,385
1.1670,365
1.3522,351
1.1143,386
1.4393,357
1.1548,382
1.1432,377
1.1421,364
1.1908,367
1.2722,349
1.1729,364
1.2831,366
1.3207,357
1.2243,375
1.1307,368
1.2579,370
1.0628,363
1.1036,383
1.1883,384
1.1478,373
1.2378,364
1.1173,380
1.0331,383
1.1891,378
0.9940,387
1.1563,383
1.1720,371
1.1711,366
1.1555,379
1.1435,384
1.1402,379
1.1490,372
1.1894,370
1.1351,375
1.1650,380
1.2135,368
1.1171,383
1.2964,383
1.1038,370
1.2163,370
1.2155,376
1.2173,360
1.0976,369
1.0210,378
1.1488,372
1.3265,371
1.1654,388
1.0599,377
1.3130,385
1.2502,372
1.2058,367
1.2818,356
1.1713,375
1.2260,362
1.0178,396
1.2774,369
1.1494,388
1.2175,361
1.2702,374
1.2557,364
1.3388,364
1.2686,378
1.1562,359
1.2565,360
1.2449,369
1.2053,360
1.1675,384
1.2150,367
1.2795,364
1.2859,371
1.1268,381
1.1488,364
1.4073,345
1.2274,358
1.0973,375
1.2149,371
1.3337,368
1.4093,364
1.2307,359
1.2121,367
1.3563,359
1.1835,354
1.1133,368
1.2702,355
1.3924,349
1.1753,375
1.2089,375
1.3004,376
1.2506,360
1.1386,377
1.3898,360
1.2023,370
1.2663,368
1.2641,358
1.1423,373
1.1620,380
1.2712,354
1.2872,357
1.1728,358
1.2696,371
1.2021,366
1.3035,363
1.2896,367
1.1983,369
1.2707,373
1.4250,350
1.1047,359
1.1361,382
1.3110,363
1.1984,361
1.0982,377
1.2291,360
1.2173,368
1.2862,366
1.1861,362
1.0891,387
1.2690,374
1.1684,371
1.1748,390
1.3386,363
1.1037,377
1.2391,376
1.1954,377
1.3457,362
1.3334,357
1.3129,376
1.1366,382
1.3113,357
1.0542,388
1.1679,379
1.2383,357
1.2604,354
1.2527,371
0.9525,387
1.1704,375
1.2138,382
1.2524,381
1.1801,387
1.0798,393
1.1419,373
1.1434,374
1.1032,372
1.1857,360
1.2460,368
1.2857,366
1.1473,375
1.1548,375
1.2071,369
1.2394,370
1.0681,380
1.1336,381
1.0681,376
1.2549,368
1.0940,384
1.1122,393
1.2587,363
1.3103,353
1.0370,377
1.1592,380
1.1647,381
1.3240,379
1.3082,357
1.3243,366
1.1721,374
1.3020,351
1.1152,374
1.3658,351
1.2460,378
1.1849,381
1.2467,369
1.2499,388
1.0212,386
1.2727,379
1.2878,361
0.9854,384
1.1819,372
1.2195,376
1.2906,357
1.3074,377
1.1126,370
1.2799,375
1.3087,378
1.0895,373
1.0978,379
1.1635,370
1.1944,365
1.2687,361
1.2726,363
1.2518,357
1.2033,369
1.1396,384
1.3127,368
1.1758,371
1.1394,384
1.2190,374
1.2302,375
1.2461,381
1.2203,365
1.1546,373
1.3016,374
1.0723,370
1.2400,374
1.1470,382
1.0617,390
1.3009,363
1.1046,380
1.0557,377
1.2453,373
1.1699,376
1.1646,377
1.2998,362
1.0233,388
0.8615,390
1.0746,373
1.0748,378
1.1726,369
1.1617,382
1.0983,383
1.2661,374
1.4133,373
1.2358,360
1.1597,379
1.1462,373
1.0667,395
1.0971,397
1.1806,373
1.2755,367
1.0640,390
1.1727,386
1.1519,374
0.9776,397
1.1741,358
1.2479,373
1.1915,377
1.1141,366
1.3288,363
1.0594,385
1.1891,359
1.3291,346
1.1491,382
1.2439,368
1.2787,369
1.0986,376
1.3414,353
1.1963,354
1.2166,378
1.2160,373
1.2388,369
1.0692,373
1.1088,383
1.1905,376
1.2812,361
1.2373,363
1.1633,378
1.2277,361
1.2122,380
1.0729,383
1.3612,362
1.2410,367
1.1697,379
1.2194,363
1.1500,371
1.2190,375
1.1127,373
1.2209,371
1.2078,370
1.1956,387
1.2023,364
1.2258,368
1.1792,361
1.2430,373
1.2445,360
1.1193,373
1.0876,376
1.1513,366
1.2453,360
1.2643,381
0.9793,404
1.2109,369
1.1983,381
1.3432,375
1.1958,366
1.3028,348
1.1700,383
1.1492,374
1.1574,367
1.2106,369
1.2303,367
0.9724,395
1.2629,376
1.1734,380
1.2010,360
1.1638,377
1.0956,385
1.2624,376
1.1616,384
1.1483,362
1.2220,371
1.2499,352
1.2813,356
1.2195,377
1.1253,380
1.1549,380
1.2304,382
1.1496,378
1.1435,382
1.2771,371
1.1805,374
1.1033,379
1.1719,367
1.2735,366
1.1855,364
1.1979,372
1.3168,360
1.0876,374
1.2644,356
1.2387,376
1.2774,354
1.2318,374
1.0332,376
0.9583,399
1.2032,369
1.1884,385
1.1374,376
1.2182,367
1.0863,388
1.2128,363
1.1204,382
1.0103,387
1.2210,381
1.2855,362
1.3634,370
1.3190,349
1.2918,349
1.2067,384
1.0415,379
1.1180,382
1.0001,388
1.2953,381
1.2367,368
1.3709,367
1.1426,367
1.0747,377
1.2117,366
1.1189,371
1.1967,371
1.1899,364
1.2175,385
1.1546,383
1.1848,369
1.1939,376
1.1550,363
1.1587,372
1.1011,386
1.1196,367
0.9765,380
1.1624,383
1.2571,361
1.1373,372
1.2934,355
1.2761,376
1.2034,359
1.3151,360
1.1595,374
1.1982,372
1.2073,373
1.1534,376
1.1416,390
1.1503,369
1.1975,369
1.3722,358
1.1667,392
1.0650,381
1.1033,382
1.2432,375
1.1875,378
1.2153,370
1.2877,364
1.0869,387
1.2518,373
0.9919,386
1.3999,361
1.0627,387
1.2991,363
1.2966,353
1.1024,382
1.1059,381
1.1730,370
1.2643,375
1.1102,381
1.1527,373
1.3787,369
1.1537,379
1.2768,371
1.0636,375
1.0642,358
1.3737,369
1.2750,356
1.3690,371
1.1896,367
1.1057,385
1.1282,375
1.2744,367
1.1832,379
1.2077,359
1.1236,386
1.1275,377
1.2168,375
1.2705,367
1.3473,366
1.3392,366
1.2107,368
1.3318,365
1.0508,389
1.3363,368
1.1423,369
1.1280,382
1.1964,374
1.3329,364
1.2643,378
1.3742,366
1.1909,367
1.2361,376
1.0966,377
1.3212,363
1.0935,376
1.1699,360
1.2640,374
1.1883,389
1.1962,375
1.1319,380
1.1666,370
1.2619,370
0.9838,396
1.1422,366
1.0667,389
1.3175,367
1.0855,374
1.2884,371
1.0754,376
1.1246,369
1.0052,385
1.2979,367
1.1648,362
1.2278,370
1.0674,369
1.1381,378
1.2788,359
1.2222,367
1.3995,356
1.1861,374
1.2391,372
1.1562,370
1.2328,375
1.1276,371
1.2048,367
1.2583,363
1.1374,362
1.0190,388
1.2084,377
1.1294,385
1.3061,370
1.1493,371
1.0982,375
1.2019,358
1.2188,372
1.2922,363
1.1842,372
1.3366,359
1.3100,357
1.2597,369
1.2367,361
1.1520,383
1.2768,371
1.2349,377
1.0242,397
1.3037,376
1.1896,372
1.0440,381
1.4232,359
1.3516,363
1.2307,353
1.2907,362
1.1855,379
1.3338,372
1.3432,366
1.1040,376
1.1346,365
1.1566,379
1.2792,373
1.1416,375
1.2548,373
1.1977,368
1.3186,363
1.1425,386
1.3158,372
1.1182,397
1.0675,384
1.2045,373
1.2476,381
1.2490,359
1.1156,370
1.2742,369
1.0455,382
1.0753,389
1.1051,388
1.3403,379
1.2327,370
1.1367,378
1.0680,385
0.9805,382
1.3260,360
1.1919,367
1.2579,376
1.2152,366
1.1972,375
1.1538,367
1.1267,370
1.2213,363
1.0693,385
1.4267,361
1.1003,376
1.3444,368
1.1967,368
1.2693,365
1.2890,365
1.1090,368
1.1998,383
1.2452,378
1.0410,389
1.2068,384
0.9100,400
1.1980,372
1.1097,382
1.2102,363
1.1511,368
1.1068,386
1.0907,382
1.2355,372
1.2414,382
1.2308,378
1.2921,381
1.2521,375
1.1412,376
1.0692,396
1.0739,387
1.2149,366
1.2806,357
1.0526,382
1.1930,379
1.1279,372
1.1629,376
1.1524,380
1.2029,374
1.2550,382
1.4949,350
1.2131,382
1.2341,380
1.2092,375
1.2454,381
1.3626,365
1.3455,364
1.3548,376
1.3818,357
1.2491,367
1.2329,378
1.1882,367
1.1812,378
1.2650,365
1.2927,368
1.1858,375
1.1027,382
1.0232,382
1.2932,359
1.2538,362
1.1839,377
1.1954,379
1.3166,365
1.1049,368
1.2846,365
1.2402,370
1.2145,384
1.1597,368
1.2315,379
1.2058,366
1.1370,379
1.1032,368
1.2927,369
1.2444,370
1.1802,369
1.1827,374
1.0896,379
1.1384,363
1.1836,377
1.2524,371
1.1589,370
1.3670,353
1.2737,373
1.2311,383
1.2926,354
1.1572,368
1.0477,375
1.1231,387
1.1437,367
1.0976,368
1.2357,367
1.2641,373
1.0701,377
1.3186,365
1.3481,368
1.2269,358
1.2281,370
1.2406,363
1.1579,379
1.1495,364
1.1489,371
1.1560,373
1.3321,361
1.1312,368
1.1734,366
1.2309,369
1.2810,372
1.2363,378
1.1663,391
1.1933,376
1.1986,365
1.1603,375
1.3108,377
1.2120,367
1.2085,370
1.2432,358
1.3493,360
1.1344,371
1.1982,371
1.2098,367
1.2971,364
1.3450,369
1.1559,381
1.0641,391
1.1259,384
1.2284,365
1.1162,385
1.2607,377
1.1089,373
1.2478,373
1.0833,369
1.2242,355
1.3269,362
1.1287,382
1.4117,360
1.0307,381
1.4077,363
1.1913,375
1.3327,366
1.0606,387
1.2438,377
1.2851,374
1.2543,362
1.3349,366
1.1894,369
1.3809,361
1.1611,366
1.1253,388
1.2095,374
1.2043,353
1.1957,386
1.3221,354
1.2497,361
1.1868,379
1.0827,385
1.2190,375
1.2549,376
1.0746,380
1.0678,377
1.3019,356
1.2529,371
1.2968,360
1.2175,368
1.1579,382
1.2414,387
1.4356,366
1.1413,367
1.1817,371
1.3006,348
1.1085,390
1.3944,356
1.1833,370
1.1628,369
1.2894,369
1.4378,347
1.2475,364
1.2608,368
1.2622,362
1.1567,368
1.2842,373
1.2484,376
1.0060,389
1.2239,364
1.1047,378
1.1867,379
1.2452,368
1.2992,371
1.2257,376
1.2157,364
1.1928,353
1.3519,371
1.3432,367
1.1687,372
1.1803,387
1.2714,367
1.3084,364
1.1950,375
1.1674,374
1.2125,368
1.1154,381
1.3868,357
1.2540,377
1.2031,381
1.4059,365
1.0048,390
1.1507,369
1.1396,383
1.3545,365
1.1262,381
1.1742,369
1.1793,381
1.2573,367
1.1595,377
1.0981,374
1.2619,371
1.1224,378
1.2244,381
1.2090,374
1.2372,367
1.1630,374
1.2044,375
1.2845,365
1.1611,381
1.0764,382
1.1837,374
1.2581,367
1.1389,384
1.1914,378
1.3571,367
1.1771,373
1.2019,388
1.2681,370
1.0951,391
1.1429,391
1.1658,378
1.0583,387
1.1036,376
1.2956,365
1.3917,369
1.1935,373
1.2958,370
1.1716,371
1.4376,364
1.2539,374
1.2203,376
1.2086,358
1.2389,359
1.5137,350
0.9974,390
1.2424,371
1.0961,378
1.0798,379
1.2494,364
1.1711,375
1.1400,380
1.3074,362
1.1543,386
1.1408,367
1.2908,362
1.1956,373
1.1480,378
1.2001,378
1.1577,380
1.0933,376
1.2321,386
1.0176,386
1.1900,388
1.1962,370
1.2167,366
1.2152,370
1.2822,354
1.3191,370
1.4198,360
1.2761,374
1.2731,376
1.2685,377
1.0846,380
1.2201,379
1.2966,368
1.1024,385
1.2925,374
1.2991,363
1.1262,388
1.2740,377
1.1607,371
0.8976,413
1.2949,360
1.2564,360
1.0259,381
1.1516,385
1.0756,388
1.2631,370
1.0737,371
1.2562,365
1.1284,376
1.3947,358
1.2642,364
1.2589,370
1.1049,385
1.1634,383
1.0676,370
1.2110,374
1.2934,371
1.4031,355
1.2035,376
1.0107,396
1.1104,384
1.3063,371
1.2520,375
1.3055,357
1.1998,376
1.2928,361
1.2151,368
1.0604,391
1.1114,383
1.2192,367
1.1486,390
1.2794,374
1.3072,351
1.1609,378
1.2276,382
1.0483,388
1.2302,370
1.3248,366
1.2675,370
1.2241,373
1.2705,368
1.1736,369
1.2612,362
1.1461,381
1.0673,377
1.1914,363
1.0094,392
1.2362,363
1.2394,368
1.1962,364
1.1847,383
1.1047,390
1.2022,377
1.0669,378
1.0850,371
1.1488,379
1.0803,376
1.1255,363
1.3323,363
1.2059,380
1.2202,374
1.1606,373
1.1331,382
1.1883,374
1.2880,373
1.2138,369
1.1700,390
1.2731,365
1.2413,372
1.2833,371
1.2067,372
1.0843,395
1.2217,383
1.1623,390
1.3890,365
1.0551,380
1.2649,364
1.2146,379
1.2610,362
1.1913,377
1.5520,351
1.3130,369
1.2189,376
1.2232,378
1.1403,376
1.0184,385
1.2525,390
1.0622,382
1.2441,358
1.3067,370
1.3448,367
1.3123,360
1.2376,379
1.3147,377
1.1863,385
1.1595,386
1.1772,385
1.3338,377
1.2749,371
1.2174,378
1.2804,371
1.0815,382
1.1300,370
1.0742,370
1.1354,378
1.2140,378
1.1494,385
1.3148,355
1.1355,375
1.0500,383
1.4065,343
1.1469,375
1.2430,377
1.5074,358
1.3527,365
1.0301,399
1.2395,366
1.2217,374
1.3033,374
1.2495,365
1.3518,367
1.2560,358
1.1178,380
0.9088,395
1.1733,379
1.1958,361
1.2298,370
1.1214,381
1.2947,382
1.2763,359
1.1654,371
1.2818,365
1.2946,377
1.0071,389
1.2623,371
1.3858,363
1.3172,357
1.0684,372
1.1423,391
1.1649,373
1.1007,381
1.0397,377
1.2377,377
1.2775,370
1.2381,377
1.0934,383
1.2880,360
1.4550,359
1.1965,379
1.1707,375
1.1154,381
1.3581,371
1.3361,357
1.1480,387
1.0907,374
1.1692,372
1.1787,373
1.2387,378
1.1423,372
1.3908,367
1.1981,375
1.1612,375
1.2247,378
1.3705,345
0.9939,385
1.0686,373
1.2516,367
1.3667,359
1.2624,367
1.0167,382
1.1609,384
1.4474,372
1.1526,385
1.1295,376
1.1870,373
1.2990,379
1.0914,401
1.2983,353
1.1528,385
1.3334,372
1.1890,375
1.2077,383
1.2208,367
1.2663,354
1.1933,378
1.3149,371
1.1420,386
1.3439,368
1.3569,348
1.2731,372
1.2077,360
1.1521,370
1.2761,377
1.2022,363
1.4434,352
1.2644,373
1.2073,375
1.1561,378
1.3397,367
1.2836,373
1.3386,361
1.1872,373
1.4608,351
1.1990,376
1.2038,378
1.2481,369
1.1569,384
1.1565,378
1.2528,368
1.0626,391
1.2144,372
1.2787,354
1.2849,368
1.1154,378
1.4271,353
1.3239,362
1.0706,385
1.3175,371
1.3246,369
1.2566,371
1.2287,372
1.0625,393
1.1809,378
1.3394,375
1.1152,381
1.2321,357
1.1621,374
1.2862,348
1.1282,363
1.1749,375
1.1341,374
1.3221,375
1.3070,374
1.0113,379
1.3619,362
1.1003,367
1.0055,381
1.1540,392
1.1216,378
1.3036,364
1.2067,386
1.3704,365
1.1320,386
1.3135,376
1.3519,360
1.1342,388
1.2034,373
1.4263,361
1.2458,353
1.2750,368
1.2342,377
1.2642,370
1.1313,377
1.1936,376
1.3800,354
1.3006,366
1.2656,363
1.2451,365
1.4417,365
1.1589,379
1.3361,380
1.2347,367
1.1172,382
1.1846,379
1.3188,368
1.2740,358
1.1200,379
1.3088,364
1.1800,375
1.2086,382
1.2723,370
1.0416,384
1.2600,365
1.1789,381
1.4367,380
1.2069,368
1.2037,381
1.2200,368
1.2373,370
1.0415,393
1.3096,378
1.1298,383
1.1823,379
1.0914,372
1.3182,378
1.2536,377
1.2535,370
1.1373,381
1.1095,370
1.3193,376
1.0329,386
1.2466,381
1.1988,379
1.1093,378
1.1660,377
1.1605,377
1.2818,367
1.0899,371
1.2592,369
1.1966,376
1.1698,376
1.0749,391
1.2570,364
1.4402,361
1.1782,371
1.2504,363
1.2256,367
1.1984,387
1.2379,363
1.1906,374
1.3015,373
1.2445,390
1.2650,384
1.4500,354
1.4479,366
1.2021,384
1.1351,374
1.2936,366
1.0006,394
1.1101,383
1.2615,362
1.1937,375
1.2119,371
1.3664,364
1.4690,355
1.3024,370
1.1501,375
1.2220,397
1.2465,379
1.4033,347
1.4285,366
1.2273,367
1.1604,388
1.3210,369
1.1881,376
1.2757,366
1.2058,372
1.2499,367
1.1115,379
1.2228,378
1.3114,384
1.1707,364
1.2623,372
1.4249,362
1.3061,364
1.2285,371
1.3037,360
1.2590,370
1.1761,372
1.2452,377
1.2975,363
1.2405,383
1.1586,374
1.2592,353
1.3536,369
1.3780,373
1.1632,376
1.3508,358
1.5211,363
1.3092,368
1.2117,357
1.2755,375
1.1515,383
1.2437,368
1.1905,376
1.1602,378
1.2455,364
1.2738,354
1.1997,367
1.2958,369
1.3426,374
1.0385,382
1.1645,374
1.2339,365
1.5351,347
1.2583,368
1.3021,359
1.1509,373
1.1188,387
1.2971,363
1.1829,376
1.1758,369
1.1348,399
1.3108,373
1.1471,367
1.2175,375
1.2586,356
1.1977,372
1.2498,371
1.2483,370
1.3062,359
1.1327,370
1.1466,373
1.1859,375
1.1496,382
1.3960,355
1.2333,375
1.0654,390
1.1723,381
1.0850,374
1.1462,370
1.1292,377
1.1209,387
1.3281,373
1.4402,371
1.1900,376
1.2471,371
1.1909,371
1.4618,345
1.1025,375
1.1868,366
1.3322,374
1.4599,354
1.4469,351
1.2011,376
1.1963,377
1.3354,360
1.1286,371
1.3134,371
1.1761,377
1.4010,351
1.3136,371
1.2669,376
1.2019,374
1.1402,375
1.3258,363
1.2151,373
1.1306,390
1.2435,381
1.4121,358
1.1439,375
1.3353,363
1.3051,364
1.2088,367
1.0442,394
1.1516,379
1.1644,381
1.2091,372
1.1242,381
1.3155,388
1.2098,358
1.1444,381
1.4099,364
1.4027,360
1.2651,365
1.1167,380
1.2731,361
1.3153,386
1.1562,383
1.1968,382
1.2161,382
1.3419,365
1.1502,376
1.1849,381
1.2199,376
1.2832,368
1.1083,377
1.3155,374
1.4568,353
1.3002,370
1.2247,375
1.3699,365
1.2588,383
1.2438,371
1.0989,381
1.4092,372
1.1149,388
1.1886,373
1.3103,379
1.3581,371
1.3674,359
1.2048,367
1.1138,369
1.3475,379
1.0993,382
1.1435,389
1.0961,391
1.2777,379
1.3052,364
1.2333,386
1.2058,359
1.2535,373
1.3203,365
1.4926,350
1.2176,373
1.1666,386
1.2266,376
1.3496,373
1.0221,389
1.2856,386
1.5081,356
1.3254,378
1.2291,382
1.5136,351
1.4331,358
1.2723,366
1.3045,354
1.0709,383
1.4582,357
1.2110,379
1.4601,359
1.0626,384
1.4677,350
1.3430,362
1.0750,390
1.1125,379
1.3466,364
1.1671,377
1.3042,361
1.0282,396
1.1912,383
1.2531,363
1.2285,376
1.4256,361
1.1775,377
1.1011,376
1.3116,357
1.3678,359
1.2857,380
1.2479,363
1.2618,369
1.3322,365
1.2692,362
1.3112,367
1.0723,388
1.2286,368
1.4849,353
1.2607,370
1.3704,369
1.4909,342
1.2722,374
1.0162,387
1.3478,374
1.3027,355
1.3384,363
1.3702,361
1.2751,376
1.2348,374
1.1261,382
1.3207,373
1.2596,385
1.2310,369
1.3814,362
1.2781,379
0.9557,392
1.4049,355
1.2818,371
1.2488,380
1.2040,374
1.1545,387
1.2472,364
1.0448,389
1.3830,372
1.2101,368
1.1567,380
1.4043,344
1.2139,368
1.4553,363
1.2808,372
1.1829,369
1.2495,377
1.1408,375
1.4163,347
1.0213,403
1.0473,387
1.1624,377
1.2985,372
1.2345,370
1.3475,364
1.2195,378
1.1915,374
1.0838,394
1.0795,392
1.1966,368
1.1401,390
1.3621,364
1.2606,369
1.2005,364
1.3355,362
1.2791,388
1.3160,353
1.0730,383
1.2124,366
1.2314,368
1.2876,361
1.3434,356
1.2346,364
1.3328,369
1.0735,385
1.0097,385
1.2738,360
1.1864,393
1.4517,357
1.4575,367
1.1071,379
1.2037,385
1.2150,377
1.3069,379
1.1796,386
1.0607,388
1.1981,370
1.4631,368
1.2584,367
1.1703,383
1.1473,375
1.3052,378
1.5691,357
1.2060,375
1.1411,377
1.2717,366
1.3218,374
1.2034,384
1.3487,362
1.0523,380
1.2918,366
1.3183,372
1.2258,371
1.0798,381
1.0594,393
1.1045,386
1.1576,381
1.2805,363
1.1131,386
1.3151,369
1.0887,378
1.2189,381
1.1415,373
1.2527,372
1.1969,374
1.1271,374
1.1219,380
1.3008,373
1.1119,384
1.3783,368
1.2098,373
1.0726,386
1.1538,380
1.1198,386
1.2405,378
1.2810,372
1.3736,365
1.3813,368
1.1599,375
1.1689,379
1.2885,353
1.2346,367
1.2744,376
1.3026,364
1.3646,369
1.3723,384
1.3021,373
1.2223,361
1.5951,349
1.1009,379
1.2039,362
1.0566,395
1.3040,377
1.1337,378
1.1673,382
1.1376,380
1.2374,373
1.2782,368
1.3480,378
1.2740,369
1.2381,382
1.1127,379
1.1060,372
1.2046,377
1.2544,373
1.2989,359
1.3976,375
1.3122,375
1.1442,384
1.3167,368
1.1249,370
1.3815,361
1.2192,374
1.1454,374
1.1737,374
1.1209,373
1.3568,363
1.2152,380
1.1998,378
1.3317,377
1.1821,375
1.1508,378
1.1570,377
1.1558,380
1.2006,381
1.5057,359
1.4901,363
1.1888,387
1.0985,371
1.3643,359
1.1636,372
1.1459,380
1.2937,365
1.2111,384
1.2039,379
1.2818,369
1.3227,355
1.3451,383
1.2714,369
1.0855,389
1.1885,386
1.2658,363
1.0087,391
1.4499,355
1.0811,398
1.0888,383
1.2548,367
1.2272,380
1.1519,379
1.3335,371
1.3016,375
1.2567,375
0.9547,397
1.3095,380
1.3613,372
1.2712,366
1.3403,371
1.2762,369
1.0086,395
1.1414,378
1.2810,373
1.1383,384
1.2764,362
1.0732,387
1.2789,379
1.2516,379
1.2631,371
1.1425,377
1.0905,383
1.2145,379
1.1954,383
1.1704,383
1.1636,382
1.1701,376
1.3933,367
1.2585,354
1.1699,366
1.0921,388
1.1629,372
1.3661,361
1.3073,368
1.1408,384
1.2967,355
1.2935,377
1.1768,376
1.1179,385
1.2181,368
1.2412,373
1.5954,355
1.0841,380
1.1770,390
1.3978,362
1.3056,375
1.3059,372
1.1535,371
1.1675,375
1.3484,361
1.2555,365
1.2268,381
1.3691,361
1.1826,373
1.3439,375
1.2333,370
1.2956,378
1.2042,379
1.2031,363
1.1748,378
1.2213,375
1.1735,375
1.2399,371
1.2326,366
1.2435,374
1.2823,364
1.2253,378
1.1504,379
1.3757,362
1.2844,363
1.2009,373
1.3317,364
1.2318,378
1.1432,366
1.2568,369
1.2125,377
1.2760,370
1.4110,367
1.2408,393
1.1674,391
1.2978,362
1.3137,375
1.2515,365
1.3920,361
1.2996,375
1.3352,365
1.2554,365
1.2800,363
1.2742,376
1.2697,380
1.2946,369
1.3106,365
1.2243,377
1.0852,387
1.2471,368
1.3275,365
1.2344,382
1.2992,366
1.3247,364
1.2551,373
1.1595,375
1.1913,371
1.2698,376
1.4457,363
1.2910,362
1.3096,368
1.1858,382
1.3370,359
1.3250,367
1.2376,379
1.1449,381
1.4768,364
1.4827,374
1.2321,374
1.2725,367
1.2059,375
1.3285,370
1.2280,380
1.2372,369
1.2037,372
1.2684,365
1.3124,375
1.4703,357
1.2078,379
1.2131,371
1.2561,369
1.3440,365
1.4464,348
1.3244,381
1.3939,355
1.2041,376
1.4216,375
1.3033,369
1.2566,370
1.3617,369
1.0636,378
1.2649,359
1.1156,373
1.0854,381
1.3439,367
1.2417,380
1.2675,363
1.1244,381
1.2522,361
1.3413,366
1.2735,357
1.5209,359
1.3591,362
1.1576,376
1.3243,372
1.2288,375
1.2621,375
1.4231,351
1.3817,364
1.1316,374
1.3265,372
1.2253,375
1.2672,365
1.3283,374
1.2496,391
1.1188,379
1.3816,374
1.3461,366
1.3894,370
1.3699,364
1.2572,373
1.2139,390
1.2253,377
1.1942,370
1.0621,392
1.4191,369
1.1504,374
1.3441,371
1.2715,357
1.1363,396
1.1200,370
1.2276,369
1.2758,382
1.3998,368
1.3963,369
1.0733,383
1.2420,378
1.1190,388
1.3450,377
1.2312,376
1.1716,371
1.1754,379
1.2445,369
1.2828,369
1.3027,369
1.3985,374
1.0640,384
1.2941,374
1.4396,384
1.2493,376
1.2195,372
1.3190,361
1.2415,364
1.2370,384
1.1820,364
1.1394,380
1.2667,369
1.0912,375
1.1544,374
1.1201,389
1.2189,376
1.1735,385
1.3155,362
1.1380,374
1.2104,380
1.0085,390
1.2776,370
1.2722,362
1.4149,365
1.2693,373
1.3188,369
1.2403,365
1.3373,363
1.1759,383
1.1704,378
1.1824,376
1.4149,362
1.3147,377
1.2812,373
1.1878,384
1.3408,364
1.3873,359
1.1174,390
1.2124,381
1.3225,367
1.1337,389
1.3178,372
1.3037,374
1.1505,392
1.2998,375
1.2266,382
1.2169,372
1.2591,387
1.1123,377
1.3084,366
1.2623,380
1.2567,377
1.3745,367
1.1569,386
1.4566,369
1.1966,381
1.2647,355
1.3155,368
1.3296,354
1.1532,384
1.2504,379
1.1882,371
1.2026,372
1.2577,368
1.3122,375
1.4418,352
1.4439,365
1.2103,369
1.3409,368
1.2615,384
1.2631,370
1.2914,365
1.3468,377
1.2870,377
1.1879,374
1.3914,350
1.2419,376
1.4370,362
1.0044,391
1.3073,368
1.3679,358
1.2339,372
1.3590,367
1.3640,369
1.4020,368
1.2036,374
1.3682,366
1.1203,382
1.3712,368
1.2950,367
1.1796,371
1.2781,377
1.2158,371
1.3344,375
1.2368,371
1.2207,385
1.4046,353
1.1329,393
1.3791,368
1.2079,381
1.3737,360
1.3381,368
1.2812,368
1.1623,371
1.2121,379
1.3601,374
1.3543,371
1.3615,379
1.2217,377
1.2515,369
1.3943,382
1.3182,357
1.5852,357
1.2181,376
1.3830,359
1.2191,373
1.2112,371
1.1882,376
1.1534,378
1.3949,370
1.4013,356
1.2664,386
1.2963,375
1.3313,367
1.1703,382
1.1566,383
1.2481,368
1.3839,354
1.3070,369
1.2820,357
1.4047,370
1.1068,384
1.3941,359
1.2100,388
1.3745,366
1.3777,374
1.2386,386
1.2654,375
1.3133,364
1.1523,384
1.3359,370
1.1970,390
1.2831,375
1.3422,361
1.1821,373
1.3320,374
1.0867,386
1.1752,369
1.3442,365
1.3427,363
1.1938,381
1.2935,367
1.2019,367
1.3167,372
1.2867,366
1.3325,365
1.4221,358
1.1847,373
1.0906,394
1.2034,380
1.1760,378
1.0985,390
1.2227,373
1.3169,371
1.1296,380
1.1742,372
1.1401,375
1.2950,375
1.2750,376
1.3308,366
1.5029,368
1.1491,377
1.1432,373
1.3603,357
1.4065,360
1.3039,377
1.4289,369
1.4555,367
1.2666,378
1.2946,364
1.4004,375
1.3067,370
1.3176,355
1.3642,370
1.3350,372
1.2637,382
1.3907,365
1.2699,363
1.2902,370
1.2284,388
1.3304,364
1.3418,366
1.2623,379
1.2451,379
1.4145,371
1.4557,369
1.1568,391
1.1725,393
1.3382,375
1.2077,375
1.2514,375
1.3751,359
1.1881,377
1.2327,371
1.0968,380
1.4254,364
1.3630,359
1.3776,374
1.4022,368
1.0979,393
1.1864,374
1.2152,378
1.1680,381
1.3700,365
1.3183,379
1.1886,391
1.2762,352
1.2251,368
1.5760,352
1.2534,370
1.4153,351
1.4344,361
1.1502,369
1.1451,368
1.3875,375
1.2915,373
1.6124,350
1.5900,353
1.5799,354
1.4195,351
1.6675,349
1.4714,358
1.2496,367
1.6431,341
1.4292,368
1.6169,346
1.6213,327
1.5505,335
1.7696,326
1.6565,333
1.6018,329
1.6580,331
1.6303,340
2.0732,211
