11.1803,0
11.1632,0
11.1847,0
11.1281,0
11.0953,1
11.0889,0
10.9997,0
11.0169,0
10.9685,1
10.9938,0
10.9968,0
10.9005,0
10.8992,0
10.8666,1
10.7929,0
10.8422,2
10.8662,1
10.8226,0
10.9372,0
10.7967,0
10.7423,1
10.7267,0
10.6392,1
10.7454,3
10.6392,1
10.6417,1
10.6703,0
10.5375,0
10.6105,0
10.6257,0
10.5728,1
10.5681,2
10.6019,1
10.6716,0
10.6460,1
10.5682,3
10.5974,0
10.5562,0
10.4749,2
10.5069,1
10.5476,1
10.4553,1
10.6302,3
10.5061,0
10.4648,1
10.5045,0
10.4144,3
10.3372,0
10.4365,1
10.5408,0
10.5102,1
10.4784,2
10.4217,1
10.3394,0
10.4601,1
10.5178,0
10.4483,1
10.4531,0
10.4248,2
10.4661,0
10.4886,1
10.4393,0
10.5119,0
10.3459,1
10.4516,0
10.4511,3
10.3968,0
10.4929,2
10.3875,0
10.4439,0
10.4370,1
10.3386,2
10.2601,3
10.4083,0
10.4244,2
10.2419,0
10.4776,0
10.3532,0
10.1822,0
10.2856,1
10.3166,0
10.4177,0
10.2073,1
10.2346,2
10.2998,1
10.3865,0
10.2759,3
10.3310,0
10.3625,0
10.2416,1
10.2622,0
10.3532,1
10.2335,0
10.1398,1
10.2753,0
10.2011,2
10.3443,1
10.2126,1
10.1708,1
10.2022,1
10.1385,3
10.1936,2
10.2675,1
10.0430,1
10.2663,1
10.3360,1
10.1791,0
10.2510,0
10.2194,1
10.1803,2
10.2636,1
10.1410,3
10.0657,3
10.2070,3
10.1787,1
10.1724,2
10.1688,1
10.1625,0
9.9793,1
10.1581,1
10.1402,1
10.1485,0
10.2606,1
10.0785,1
10.2255,0
10.1211,0
10.0715,3
10.0623,0
9.9951,2
10.0915,2
10.0902,1
10.2174,1
10.0561,2
10.1102,1
10.0662,4
10.2138,1
10.1116,3
9.9128,6
10.0064,1
9.9601,2
10.0421,2
9.9973,1
10.0792,0
10.1031,1
10.0215,5
9.9232,1
9.9498,3
10.0067,0
10.0282,2
10.0509,2
10.0114,3
9.9641,3
10.0122,1
9.9354,3
10.0216,0
10.1296,0
9.8505,3
10.0887,2
9.8661,3
10.0176,2
9.8601,4
9.8060,4
9.9833,2
9.9077,3
10.0103,1
9.9942,2
10.1552,4
9.8928,2
9.8995,4
9.7766,4
9.9263,2
9.8002,5
9.8433,5
9.8584,0
9.7943,5
9.8475,4
9.9456,3
9.9214,1
9.9289,1
9.9462,0
9.8030,1
9.9502,3
9.9870,2
9.8005,2
9.7975,1
9.8015,3
9.8147,4
9.9090,0
9.9278,1
9.9079,1
9.8738,2
9.8138,3
9.7715,5
9.9245,0
9.8929,3
9.7654,1
10.0356,3
9.9229,4
9.7917,3
9.9741,3
9.7897,2
9.7760,6
9.8332,3
9.8352,2
9.9659,1
9.6598,1
9.8732,1
9.7918,2
9.8203,3
9.7874,3
9.8395,3
9.7184,1
9.8591,1
9.7920,6
9.5931,3
9.7177,1
9.7542,2
9.8856,2
9.8060,2
9.6529,2
9.6513,4
9.7031,1
9.7403,2
9.8397,0
9.8046,2
9.7673,3
9.8542,6
9.6492,5
9.6883,0
9.8116,2
9.7485,4
9.6966,2
9.6970,2
9.6763,1
9.6032,2
9.6560,2
9.7372,2
9.6495,4
9.8330,1
9.5473,6
9.5736,3
9.6839,2
9.6059,3
9.7704,0
9.7145,5
9.7022,5
9.5557,4
9.6621,3
9.6381,2
9.5754,6
9.6972,5
9.6390,2
9.6800,1
9.7854,3
9.5744,6
9.8840,0
9.6992,2
9.5836,3
9.4974,4
9.6514,6
9.6367,5
9.5492,4
9.5630,3
9.5179,3
9.6131,3
9.7071,1
9.5440,2
9.4968,3
9.7932,5
9.4551,3
9.8136,1
9.5169,4
9.7516,5
9.3514,8
9.4960,1
9.6910,5
9.6339,5
9.6817,4
9.5010,5
9.4318,2
9.5519,2
9.6565,3
9.4625,2
9.4677,7
9.6157,2
9.6162,2
9.4962,3
9.4874,2
9.6138,5
9.4674,4
9.6050,2
9.6043,1
9.4326,4
9.4156,6
9.5255,3
9.3728,3
9.6362,9
9.5637,2
9.4588,2
9.5409,2
9.2788,5
9.4036,3
9.4222,1
9.4902,6
9.4430,1
9.3986,2
9.6039,3
9.3578,2
9.3559,4
9.4367,1
9.4694,4
9.3708,3
9.4674,1
9.3912,3
9.5394,4
9.4899,2
9.4903,5
9.3656,3
9.3845,2
9.3576,8
9.3045,1
9.5354,2
9.4298,5
9.3910,1
9.3619,6
9.2690,2
9.4276,5
9.3293,4
9.3120,6
9.4148,2
9.6445,0
9.2018,7
9.4377,4
9.2279,5
9.3488,1
9.3925,4
9.3969,4
9.3484,1
9.3550,1
9.3089,6
9.2208,3
9.3914,2
9.1878,7
9.4361,2
9.2487,4
9.4008,2
9.3620,4
9.3527,6
9.3545,6
9.3154,6
9.2773,5
9.2356,3
9.0950,6
9.2220,3
9.3479,1
9.2850,2
9.2693,3
9.3015,1
9.4560,3
9.3268,4
9.4377,1
9.3049,3
9.3574,2
9.3836,1
9.1967,3
9.3896,3
9.2361,4
9.3257,2
9.4061,3
9.3613,3
9.2425,2
9.3323,3
9.0350,3
9.2615,5
9.2524,3
9.1965,3
9.2569,2
9.2547,2
9.3419,5
9.1952,3
9.1996,4
9.3760,4
9.3539,3
9.2769,3
9.4810,3
9.1795,8
9.2822,6
9.2273,2
9.1643,3
9.1369,1
9.1808,3
8.9530,4
9.2374,3
9.1756,2
9.2929,3
9.0890,4
9.3285,5
9.0998,3
9.0836,5
9.0508,7
9.1426,5
9.3219,5
9.1762,5
9.0930,4
9.1340,7
9.1809,3
9.0206,4
9.2187,3
9.2275,5
9.2213,4
8.9865,6
9.2451,2
9.1621,5
9.2089,5
9.0818,6
8.9829,1
9.1031,4
9.0371,4
9.0086,2
9.3063,2
9.0446,3
8.9606,4
9.1289,4
8.9709,8
8.9738,7
9.2719,7
8.9238,6
9.2261,6
9.1930,2
8.9197,4
9.0767,6
9.1538,3
8.9844,3
9.2382,0
9.1986,1
9.0288,2
8.9779,5
9.1163,5
9.2484,4
9.0116,4
9.1480,1
8.9036,9
8.9801,4
9.0583,6
9.2120,3
9.0336,6
9.2469,2
8.9509,6
9.0376,5
9.2014,5
9.1009,8
9.0101,5
9.1265,3
9.0713,4
9.0595,5
8.9953,1
8.9332,8
8.9734,2
9.0600,2
9.2535,3
8.9238,2
9.1890,2
9.0637,4
8.8778,5
8.9301,7
8.9894,3
8.9968,3
8.9031,5
9.0863,5
8.9700,5
8.9651,2
8.9338,5
9.0273,7
8.8132,9
9.0631,4
8.9956,3
8.8920,5
8.9521,7
8.9024,2
9.0208,5
9.2281,3
9.0714,7
8.8357,3
8.8800,6
8.9444,6
8.7777,2
9.1150,2
9.0728,3
9.0679,4
9.0982,6
8.9964,2
8.8718,4
8.9774,3
8.9075,3
8.9422,4
9.0286,3
8.9139,6
9.1679,5
8.7313,5
8.8461,4
8.9964,3
8.9618,5
8.8845,2
8.9540,7
8.8832,8
8.9412,4
8.8558,7
9.0495,4
8.7809,4
8.9644,9
9.0786,4
8.9346,3
8.7908,7
8.8500,9
8.9066,4
8.7424,9
8.8413,9
8.9894,7
8.8786,3
8.8515,3
8.9765,3
9.0074,4
8.7419,4
8.9017,4
8.9937,4
8.8548,8
8.9164,6
8.7971,10
9.0004,4
8.7934,9
8.8833,9
8.8156,5
8.8816,4
8.7463,5
8.9893,4
8.7928,5
8.8871,13
8.9810,6
8.7187,9
8.8474,3
8.8769,5
8.8878,5
8.6268,5
8.6648,4
8.9111,8
9.0343,4
8.6500,7
8.9210,6
8.7361,6
8.8607,8
8.8849,7
8.7846,2
8.8118,6
8.8069,6
8.7804,7
8.8546,6
8.8392,4
8.7503,6
8.7431,6
8.7697,9
8.7806,3
8.6514,7
8.8929,2
8.8898,8
8.6643,11
8.8210,7
8.7697,3
8.7417,14
8.8346,3
8.5940,12
8.9001,6
8.6648,5
8.5767,10
8.6404,9
8.8832,7
8.7559,8
8.8204,6
8.7721,3
8.6960,4
8.8008,5
8.8592,10
8.5707,6
8.5357,8
8.8335,7
8.7190,9
8.6371,8
8.7591,3
8.7459,3
8.8854,4
8.8322,3
8.5340,7
8.7772,4
8.7989,6
8.7287,7
8.7243,7
8.6556,7
8.7512,6
8.6887,6
8.7030,3
8.8995,5
8.5652,9
8.7567,7
8.7210,5
8.5781,5
8.7587,5
8.5513,9
8.6175,4
8.5754,8
8.6948,6
8.6013,13
8.5161,8
8.6043,7
8.6319,7
8.6063,7
8.4547,5
8.7852,4
8.5133,8
8.6802,8
8.4062,8
8.5402,8
8.5687,9
8.6960,8
8.6242,3
8.6613,8
8.4825,8
8.6545,6
8.7271,5
8.8086,6
8.7754,3
8.6272,7
8.5406,9
8.5952,6
8.7438,10
8.6847,4
8.7643,7
8.6155,11
8.3894,8
8.6563,8
8.7209,7
8.6212,11
8.6033,4
8.7269,4
8.6753,7
8.5807,5
8.7664,8
8.6911,7
8.5990,4
8.4799,9
8.6548,5
8.6466,11
8.6064,6
8.6666,8
8.5718,10
8.4885,6
8.6422,3
8.6338,8
8.3929,7
8.5669,10
8.5569,12
8.4663,13
8.5236,6
8.3776,9
8.4507,11
8.4361,6
8.5052,9
8.5982,4
8.3856,10
8.5778,4
8.6833,3
8.8940,4
8.4810,4
8.4830,12
8.4743,10
8.7370,4
8.5712,9
8.7611,14
8.6947,8
8.7075,9
8.5041,6
8.4780,9
8.4321,10
8.4738,4
8.5559,7
8.6897,7
8.4365,7
8.5005,6
8.4423,7
8.4893,10
8.5368,8
8.3631,10
8.4843,9
8.4430,9
8.5106,6
8.5809,8
8.5476,9
8.4983,6
8.6172,10
8.5126,3
8.6230,11
8.2730,4
8.2129,6
8.5601,7
8.4557,11
8.3374,8
8.5090,8
8.5944,5
8.4843,6
8.6439,7
8.5703,7
8.3882,12
8.3254,9
8.4759,7
8.4925,12
8.3663,8
8.5113,8
8.3764,8
8.3237,9
8.3922,8
8.4728,9
8.3704,8
8.3373,5
8.5369,7
8.4056,8
8.4444,7
8.2787,12
8.5393,6
8.2925,11
8.5355,7
8.3228,8
8.4806,10
8.5475,12
8.3723,12
8.5108,11
8.4848,8
8.3021,5
8.3320,10
8.4011,6
8.3257,8
8.2332,10
8.2961,8
8.2010,11
8.4345,7
8.3213,11
8.3569,9
8.6239,9
8.3815,9
8.3090,14
8.4940,7
8.3449,11
8.3337,8
8.5972,9
8.3831,12
8.3481,9
8.2333,12
8.5515,17
8.3565,9
8.3073,16
8.3100,13
8.2814,8
8.3088,7
8.3504,11
8.4513,7
8.2850,7
8.2398,10
8.4365,13
8.5317,8
8.3889,11
8.4509,10
8.3307,6
8.3774,14
8.2383,6
8.4268,9
8.1977,8
8.1944,14
8.3041,4
8.3011,7
8.4906,10
8.1513,13
8.3434,9
8.3922,14
8.2059,5
8.4158,13
8.3682,10
8.1044,13
8.4508,11
8.3940,5
8.2651,15
8.3711,9
8.3825,12
8.4548,8
8.2702,14
8.3982,6
8.2955,9
8.4478,14
8.4480,10
8.2916,13
8.4428,11
8.2645,15
8.2270,7
8.2986,12
8.1541,11
8.1536,9
8.3118,13
8.1311,11
8.2240,18
8.1128,13
8.0241,8
8.2910,12
8.0062,10
8.3190,7
8.2012,12
8.1835,6
7.9991,13
8.2954,7
8.4938,5
8.3592,14
8.3469,7
8.0984,16
8.3554,14
8.5196,7
8.0600,12
8.2228,14
8.0868,16
8.3588,10
8.0217,10
8.1829,7
8.0316,24
7.9543,8
7.9706,23
8.2428,5
8.1404,9
8.3556,13
8.2670,11
8.0170,13
8.1180,13
8.2889,17
8.0300,14
8.0522,9
8.1464,14
7.9728,14
8.2918,20
8.1042,9
8.1625,10
8.2653,10
8.1801,15
8.1313,17
8.1810,16
8.2309,15
8.2328,10
8.4506,6
8.1281,14
8.2453,5
8.2057,10
8.1475,14
7.9901,9
8.0194,15
8.1410,11
8.1723,4
8.2542,8
8.0306,10
8.0227,11
7.9549,15
7.9604,15
7.9094,16
8.3074,12
8.1035,17
8.3279,12
8.1952,14
8.0765,19
7.8175,19
8.1835,12
8.0900,12
8.1512,12
8.0571,9
8.1819,11
8.1289,14
8.0730,21
7.8769,8
7.8724,15
8.0822,19
7.9317,13
8.3733,15
8.2770,14
7.8232,18
8.1259,11
8.1507,15
8.0675,12
8.0080,11
8.0090,17
8.1089,13
7.7761,28
8.2818,12
8.0889,17
8.2188,11
7.8673,16
8.2504,14
8.1668,11
8.1289,13
8.0687,13
7.9233,19
7.9971,11
8.2646,17
7.8563,14
8.0772,14
8.1014,14
7.8166,16
8.1961,14
7.9502,15
7.9748,8
7.9872,16
7.8663,17
8.1231,20
8.0558,9
7.8083,11
8.0212,14
8.0515,8
7.8890,11
8.0970,12
7.8385,16
7.9884,20
8.2009,11
8.0705,14
8.1727,6
8.0366,13
7.8552,9
8.0605,7
7.9095,20
7.6396,15
8.1087,11
7.9836,14
8.0558,13
7.8482,13
7.9579,10
7.8639,13
8.1644,15
8.0312,16
8.0895,13
8.1511,11
8.0574,23
7.8699,18
8.0312,20
8.0270,9
8.0393,13
7.9942,10
7.9253,16
7.8989,15
7.9666,11
7.8519,10
8.0067,11
7.8810,16
8.0960,15
7.9819,16
7.8884,22
7.9109,14
7.9042,12
7.9051,18
8.0212,19
7.9963,12
7.8846,11
7.9973,19
7.8934,14
7.7457,16
8.0595,14
7.8310,18
8.0738,17
7.8061,13
8.0493,15
7.9163,13
7.9062,17
7.8254,16
7.9887,15
7.8665,14
7.9621,12
7.7594,10
7.9550,16
8.2469,11
8.0389,16
7.8475,17
7.8311,13
7.7652,20
7.8111,21
7.9258,12
7.7709,21
7.7525,22
7.7694,13
7.9598,16
7.7773,22
7.7571,19
7.7929,12
8.0284,18
7.7198,15
8.0134,11
8.1378,21
7.8504,18
7.9359,21
7.8005,16
7.7681,9
7.9254,16
8.0311,10
7.7527,19
7.8711,13
7.9994,23
7.6514,11
7.9663,18
7.8915,22
7.8303,26
7.8569,16
7.9091,14
7.8009,22
7.5464,20
7.6768,17
7.8945,20
7.7426,15
8.1422,14
7.7768,21
7.7812,22
7.7842,21
7.8120,17
7.7147,22
7.9335,10
7.6791,18
7.5746,20
7.5029,26
7.7977,18
7.7035,25
7.6721,20
7.8182,14
7.6161,23
7.8191,13
7.9435,11
7.7992,20
7.6411,29
7.8086,23
7.8547,18
7.4598,22
7.5926,15
7.9604,24
7.6613,16
7.8618,18
7.6816,27
7.5974,20
7.4214,19
7.8932,24
7.9414,16
7.5957,17
7.5738,14
7.6492,17
7.6747,21
7.8817,13
7.5767,30
7.7743,22
7.7187,23
7.6547,19
7.7300,25
7.6150,28
7.7127,13
7.4990,18
7.5947,16
7.8311,20
7.6773,18
7.5816,24
7.4902,18
7.4367,22
7.6568,18
7.4653,16
7.4968,33
7.6388,24
7.6444,24
7.6455,21
7.6144,23
7.5089,21
7.6830,17
7.4862,16
7.4202,21
7.6938,20
7.6359,21
7.7516,16
7.7107,26
7.4392,18
7.6050,15
7.8457,15
7.7866,25
7.6080,25
7.3714,26
7.4906,23
7.7137,21
7.6854,19
7.6890,32
7.6100,20
7.6133,19
7.6039,21
7.6090,24
7.5847,36
7.7204,29
7.4932,18
7.6070,29
7.4877,27
7.7440,18
7.5802,23
7.8716,24
7.7999,18
7.4975,28
7.6794,20
7.5439,20
7.6734,18
7.7237,16
7.3549,22
7.7001,18
7.5905,21
7.6025,29
7.4831,22
7.5639,16
7.4551,17
7.5116,24
7.4927,25
7.7821,24
7.5982,21
7.5375,27
7.4785,24
7.3729,28
7.4982,30
7.5839,28
7.3931,25
7.5193,21
7.4083,28
7.5258,36
7.3345,30
7.2565,27
7.3810,32
7.4300,24
7.5150,30
7.4931,27
7.7113,23
7.5948,23
7.4937,19
7.2698,19
7.4509,28
7.2923,22
7.5698,16
7.4745,24
7.5037,23
7.3448,28
7.5448,20
7.2385,19
7.3184,22
7.5836,23
7.5221,31
7.5060,25
7.3976,23
7.3007,28
7.2617,25
7.5090,32
7.7557,27
7.4512,20
7.3485,29
7.5565,22
7.4360,15
7.5135,21
7.5010,23
7.4366,26
7.5760,23
7.3545,32
7.4840,25
7.4316,28
7.2686,25
7.3305,32
7.4521,22
7.4867,25
7.4210,24
7.2720,29
7.3103,30
7.4655,26
7.4092,25
7.2329,32
7.4507,18
7.4820,39
7.1851,26
7.1929,33
7.2283,20
7.4376,24
7.3991,32
7.5862,19
7.3500,22
7.3630,26
7.2818,24
7.0669,22
7.1851,32
7.3698,36
7.4633,25
7.4818,23
7.3093,31
7.1418,34
7.3184,24
7.1527,32
7.3166,30
7.2001,29
7.2098,25
7.3012,27
7.4104,28
7.1224,36
7.2261,35
7.1870,37
7.2676,33
7.2927,41
7.3047,29
7.2410,31
7.2427,27
7.2493,34
7.1405,32
7.3536,31
7.2876,20
7.3300,24
7.2813,25
7.3114,29
7.4620,25
7.1986,31
7.1637,37
7.3708,30
6.9859,37
7.1391,28
7.3283,24
7.4663,35
7.2309,31
7.0932,31
7.3944,30
7.3425,22
7.3290,29
7.3459,31
7.2087,27
7.2936,31
7.1688,32
7.0323,37
7.4247,34
7.1233,30
7.2160,41
7.4327,37
7.2961,27
7.1340,30
7.0330,29
7.5061,17
7.1677,24
7.4207,25
7.2178,25
7.3194,27
7.1474,31
7.1999,33
7.2847,25
7.3740,25
7.2059,37
7.3203,28
7.0628,30
7.4782,29
7.1311,25
7.2405,35
7.1929,34
7.2070,38
7.0458,34
6.9969,42
7.1701,34
7.1865,23
7.1733,26
6.9639,46
7.2121,35
7.0612,29
7.1464,30
7.1732,40
7.1762,41
7.2257,36
7.1729,29
7.3209,27
7.0989,30
7.1370,25
7.2109,32
7.0470,35
7.2786,32
7.0416,43
7.0079,38
7.0936,33
7.2566,27
7.4829,22
7.1627,34
7.0799,20
7.1700,29
7.4188,29
6.9610,38
7.2690,29
7.1869,32
7.0484,42
7.0660,33
6.8326,32
7.1472,35
7.3650,32
7.0462,34
6.9532,28
6.9983,42
6.8550,27
7.0772,44
7.1588,35
7.0626,32
6.8180,43
6.8760,41
7.0210,34
6.9178,43
6.7101,43
7.0648,34
6.9557,25
7.1772,29
6.9572,35
7.1523,33
7.0985,38
6.8115,53
7.1423,38
7.2568,41
6.8563,42
6.9468,43
7.0304,26
7.1005,42
7.1955,45
6.8419,31
6.9684,48
7.0118,42
6.9892,37
6.9128,39
7.0128,34
7.2583,36
7.1717,32
6.8148,32
6.7561,42
7.1991,36
7.0535,50
6.8444,39
6.8673,37
6.9326,26
7.2245,32
7.0036,32
6.8151,40
6.8756,39
6.9500,27
6.8008,41
7.0555,26
6.9479,35
6.9892,34
6.9016,45
6.8151,49
7.0405,45
6.6813,34
6.8341,38
7.0600,36
6.8852,44
6.9659,37
6.9127,38
6.9939,35
6.8246,35
6.7813,46
7.1887,41
7.0869,33
6.9453,40
6.9920,39
6.7716,29
6.8744,51
6.8645,40
6.7022,45
6.9611,33
6.9924,42
6.9740,39
6.7618,42
7.0335,42
6.9985,39
6.8883,38
7.0976,53
7.0611,39
7.1135,37
6.8046,48
6.8912,41
6.9547,32
6.7827,47
6.9365,37
6.7719,40
6.7600,44
7.1073,44
6.5712,51
7.0356,33
6.7197,47
7.0116,43
6.6715,47
6.5361,45
6.9043,52
7.1090,41
6.7691,43
6.6999,47
6.7990,38
7.2611,31
6.6551,45
6.7920,48
6.7936,48
6.8384,43
6.6702,41
6.8372,43
6.5728,57
6.6686,50
6.8541,49
6.7159,52
6.9218,34
6.6179,41
6.6708,46
6.4398,40
6.8706,54
6.7557,38
6.7255,44
6.6307,46
6.9229,32
6.7704,41
6.6963,38
6.6979,37
6.7261,48
6.7974,47
6.7709,43
6.7743,47
7.0713,33
6.6157,45
6.9378,48
6.5958,55
6.6284,45
7.0670,40
6.7779,44
6.7161,46
6.7654,41
6.7075,53
6.7971,50
6.6790,46
6.8465,41
6.7663,47
6.7770,52
6.4797,46
6.8838,38
6.8309,49
6.6598,44
6.6132,45
6.6790,50
6.5767,46
6.5315,55
6.5871,59
6.5337,44
6.3987,58
6.6609,40
6.5286,52
6.5738,46
6.7768,56
6.4682,52
6.6243,47
6.6042,54
6.7567,52
6.4028,48
6.4673,50
6.7417,54
6.5383,56
6.6888,37
6.5608,38
6.5427,59
6.8010,50
6.5708,52
6.5033,37
6.6246,57
6.4669,53
6.5475,53
6.5831,53
6.5014,45
6.7195,40
6.7928,48
6.5094,54
6.7917,41
6.8390,41
6.6695,64
6.6198,54
6.3970,64
6.4215,57
6.2996,69
6.4407,54
6.5514,52
6.6397,58
6.6405,47
6.4705,46
6.4383,56
6.6588,45
6.8162,45
6.3218,54
6.5642,44
6.5928,33
6.5267,52
6.5942,53
6.5924,53
6.5789,58
6.8798,59
6.2979,54
6.5789,48
6.3468,61
6.4691,66
6.3184,65
6.3937,49
6.5905,49
6.4070,63
6.4927,55
6.5644,45
6.4735,58
6.4641,51
6.3588,69
6.5323,59
6.5004,49
6.5522,50
6.3144,59
6.7289,51
6.5925,61
6.5231,55
6.6048,56
6.4007,56
6.6135,46
6.6449,47
6.5861,57
6.4724,54
6.4192,56
6.3478,57
6.5802,53
6.3734,48
6.5900,45
6.4440,63
6.2729,46
6.4949,54
6.4141,54
6.6589,48
6.4573,49
6.7997,51
6.2804,57
6.3442,64
6.3206,54
6.2503,57
6.2721,56
6.4095,53
6.4502,50
6.2027,57
6.4491,55
6.4322,60
6.4319,68
6.3236,50
6.5578,60
6.5695,47
6.5149,54
6.4457,46
6.6903,63
6.5241,53
6.1733,62
6.4745,55
6.5123,55
6.4556,57
6.2965,60
6.3713,56
6.2859,60
6.4776,62
6.4509,53
6.5373,56
6.3092,61
6.5422,48
6.5029,50
6.2943,57
6.2279,64
6.2953,62
6.3809,61
6.5138,52
6.2779,59
6.3316,64
6.5046,51
6.3529,52
6.1950,59
6.3179,60
6.2674,58
6.3132,50
6.4176,72
6.1118,81
6.4505,46
6.2312,59
6.3428,55
6.2832,62
6.6672,56
6.5618,41
6.3169,60
6.4327,44
6.4292,58
6.4318,53
6.2654,62
6.2183,62
6.6518,48
6.3027,69
6.3129,50
6.0789,69
6.1068,60
6.3664,64
6.2613,49
6.3549,61
6.2509,53
5.9559,74
6.3981,59
6.3679,59
6.3297,56
6.3199,65
6.2722,56
6.1113,72
6.3816,62
6.1043,59
6.0515,67
6.2020,69
6.1234,58
6.3466,57
6.4556,53
6.1875,61
6.0339,65
6.1827,71
5.8737,62
6.0959,57
6.1900,56
6.1554,65
6.1169,65
6.0185,66
6.4729,63
6.1561,77
5.9698,66
6.0880,58
6.1087,55
6.0465,67
6.5763,64
6.3311,65
6.2552,73
6.3130,65
6.1008,66
6.0964,67
6.2622,56
6.2800,63
6.1335,79
5.9557,62
6.3167,74
6.2581,70
6.2796,71
6.0952,66
6.1057,68
6.3430,64
6.1588,62
6.1991,68
6.1131,65
6.2382,63
6.3061,56
6.2875,66
6.0826,69
6.3563,58
6.2084,56
6.1083,85
6.0589,63
6.1449,58
6.1993,65
6.2389,60
6.0869,70
6.3383,67
6.1371,66
6.1904,63
6.2326,60
6.2119,56
6.1429,73
6.0710,70
6.2846,62
6.1871,59
5.9491,68
5.9641,77
5.9569,71
5.7859,74
5.8923,78
6.0807,69
6.3628,60
5.8733,68
6.2390,65
6.0470,69
6.2434,67
6.0175,66
6.1632,65
6.3702,62
6.1409,67
5.9477,71
6.0016,71
5.7805,67
5.7855,69
5.8228,64
6.3768,64
6.0238,84
6.1041,69
5.9524,65
6.1903,61
5.9842,73
6.1927,79
6.2665,69
6.2051,67
6.0997,74
6.1428,63
6.2876,65
6.1621,60
6.0008,79
6.1718,73
6.0054,58
6.0184,67
5.9287,79
5.7088,73
6.2319,72
5.7270,75
5.8720,69
6.0226,89
5.9960,72
6.1766,72
6.0842,76
6.0160,76
6.0188,79
5.9967,82
5.7391,69
5.9533,66
6.0695,61
5.6658,61
5.7047,74
6.1253,64
6.1579,61
5.8395,66
6.1251,71
6.0290,53
6.1777,79
5.8822,68
5.8270,74
5.8167,74
5.8775,78
6.1388,86
6.0361,82
6.2714,71
6.0893,73
6.0047,81
5.9350,86
5.9994,78
6.0148,68
6.0938,83
5.8113,77
5.7785,78
5.8068,68
5.8326,73
6.1147,84
5.7634,71
5.9165,56
6.2857,58
5.8957,69
6.0708,74
6.1472,75
5.8000,70
6.1032,65
6.1581,65
6.2430,68
6.2035,58
5.8976,77
5.8818,70
5.9480,82
5.7670,90
5.6393,77
6.0075,76
6.0920,66
6.2030,72
6.1470,71
6.0439,68
6.0322,72
6.0265,77
6.2744,56
5.8925,82
5.8310,77
6.1866,60
6.0681,75
6.0084,68
5.8909,87
6.0300,75
5.9068,79
6.0408,63
5.5067,92
6.0253,62
5.9734,72
5.6793,81
5.6951,84
5.9936,79
5.8536,94
5.6792,89
5.8106,77
6.0058,56
5.8616,69
5.7678,73
5.9042,81
5.8582,86
5.8798,75
5.8428,75
6.0322,82
5.6033,89
5.8694,83
5.7448,73
5.7511,74
5.6626,88
5.9518,79
5.9804,72
5.6075,86
5.9292,65
5.5612,84
5.9221,70
5.7552,80
5.4913,82
5.9818,73
5.7716,83
5.8749,72
5.8574,82
6.0701,63
5.7373,80
5.7818,77
5.5281,91
5.7644,87
5.8560,77
5.7797,88
5.6141,84
5.8746,68
5.6791,84
5.8765,83
5.6951,73
5.6397,78
5.6824,84
5.6600,79
5.7000,72
5.8490,77
5.8249,78
5.7968,78
5.8796,71
5.6715,84
5.6415,82
5.8248,78
5.6966,81
5.6982,88
5.7521,75
5.7920,90
5.6630,75
5.7437,76
5.6857,86
5.5282,101
5.5619,78
5.6709,79
5.9335,76
5.5234,85
5.8571,80
5.4788,97
5.4429,85
5.9515,70
5.6590,82
5.4869,77
5.5639,87
5.7668,79
5.4717,85
5.7557,91
5.7479,71
5.8562,71
5.7141,83
6.0143,74
5.7020,93
5.9198,67
5.8981,70
5.8713,78
5.5202,87
5.6749,81
5.5893,83
5.7615,93
5.6560,90
5.9084,87
5.9917,85
5.6808,83
5.6934,80
5.8787,77
5.7766,87
5.6257,86
5.7986,79
5.6292,83
5.5744,95
5.6432,84
5.6839,89
5.8113,72
5.5439,89
5.5445,90
5.5768,83
5.6291,78
5.7672,82
5.6929,82
5.7048,82
5.7517,89
5.7747,85
6.0072,69
5.7646,78
5.6046,77
5.8205,88
5.4385,91
5.3389,95
5.3796,91
5.5410,96
5.5823,84
5.8330,88
5.4718,85
5.4242,94
5.6049,82
5.5915,92
5.7617,93
5.6105,85
5.7487,76
5.6340,88
5.6923,82
5.5552,98
5.6886,75
5.5502,90
5.8566,79
5.5716,87
5.6867,82
5.5540,84
5.4273,95
5.7107,93
5.4553,92
5.8509,78
5.4152,90
5.6398,84
5.5010,82
5.5261,96
5.4787,86
5.2893,91
5.5872,96
5.5073,92
5.8020,83
5.4502,86
5.3253,109
5.6161,84
5.5383,87
5.4341,99
5.5921,87
5.4979,90
5.6261,89
5.7089,81
5.6532,90
5.6241,86
5.2889,93
5.8450,97
5.5662,87
5.5459,83
5.7032,90
5.5126,78
5.5614,93
5.5583,80
5.3678,85
5.7786,105
5.3100,91
5.3753,75
5.5525,80
5.6273,85
5.6790,78
5.7254,82
5.5242,86
5.8962,77
5.3384,90
5.6965,78
5.4656,91
5.4630,89
5.5689,88
5.2904,105
5.5774,93
5.6459,79
5.6359,88
5.4603,94
5.6181,73
5.2819,94
5.3816,95
5.3928,99
5.8260,76
5.6845,89
5.5366,91
5.6423,82
5.6935,82
5.3557,96
5.2431,96
5.4945,95
5.4610,79
5.5994,75
5.6200,76
5.5381,95
5.5398,88
5.4274,85
5.4069,81
5.4356,70
5.1259,98
5.5529,99
5.6194,86
5.4914,92
5.6399,78
5.6930,93
5.3889,101
5.4376,89
5.4974,97
5.7063,81
5.2770,105
5.6168,91
5.1677,116
5.3949,105
5.6055,99
5.6808,90
5.5709,76
5.4391,98
5.5515,94
5.2191,105
5.6045,91
5.5955,84
5.3419,102
5.4719,90
5.3600,95
5.2164,109
5.5159,109
5.3168,83
5.3060,90
5.5818,99
5.2480,94
5.5743,84
5.5313,91
5.5759,78
5.4848,98
5.2841,86
5.6634,74
5.1702,110
5.5221,87
5.4671,95
5.8420,85
5.4432,89
5.4637,97
5.1217,98
5.3676,80
5.5177,93
5.3639,90
5.6311,95
5.5769,80
5.3483,93
5.4197,84
5.4808,102
5.3111,103
5.1099,99
5.4628,105
5.3826,96
5.2156,99
5.5748,90
5.3953,92
5.2763,96
5.4058,100
5.0212,120
5.3572,103
5.2324,112
5.3527,96
5.5545,99
5.3905,86
5.3829,80
5.2703,103
5.2807,104
5.2655,110
5.2205,85
5.4535,85
5.4605,91
5.4007,87
5.1220,97
5.4644,88
5.1720,98
5.3363,88
5.2313,96
5.2843,103
5.4332,72
5.4699,91
5.3409,101
5.0339,115
5.0738,90
5.2888,98
5.3159,98
5.3933,104
5.4461,105
5.2266,106
5.2251,101
5.5326,82
5.3440,116
5.4770,89
5.1087,107
5.2505,112
5.3768,92
5.1433,107
5.5134,99
5.0979,108
5.2184,106
5.1950,98
5.3449,109
5.3447,104
5.4898,99
5.2195,102
5.1794,97
5.4848,95
5.1471,94
5.4769,107
5.4819,103
5.2977,117
5.2062,105
5.4064,112
5.5109,88
5.0383,122
5.2787,109
5.3212,101
5.3457,100
5.2259,106
5.2966,110
5.1196,106
5.2783,99
5.2097,94
5.2538,104
5.1690,106
5.1609,83
4.9692,114
5.0336,104
5.6036,88
5.0568,104
5.1837,102
5.2245,96
5.5606,100
5.1057,105
5.4258,101
5.3169,96
5.3129,114
5.3161,111
5.2716,77
5.3128,114
5.4923,100
5.2009,101
5.3822,84
5.0964,106
5.4809,103
5.2550,110
5.0557,116
5.2433,105
5.3750,103
5.3119,105
5.0972,102
5.2396,112
5.0772,98
5.1027,107
5.2770,100
4.9146,128
5.3424,102
4.8394,122
5.1131,107
5.0639,112
5.4108,97
5.0138,118
5.0297,108
4.8923,114
5.2784,108
5.1908,113
5.1247,94
5.3274,94
5.3179,103
5.0858,107
5.3545,103
5.4959,94
5.0478,105
5.1935,101
5.1758,104
5.3141,112
5.1088,105
5.2256,85
5.3623,104
5.0281,104
4.9148,106
5.1953,111
5.1865,101
5.1311,94
5.0451,101
4.9363,111
5.1054,113
5.1748,87
4.8525,136
5.0897,116
4.7618,116
5.1690,112
5.0445,105
5.3379,116
5.2038,103
5.0675,109
5.2230,103
4.9928,105
4.9920,111
4.8964,115
4.9212,109
5.0209,127
5.0949,101
5.2240,107
4.9698,102
5.1941,104
5.2304,105
5.2938,94
5.1033,111
5.1071,110
5.1312,108
4.9205,108
5.2231,95
4.9974,121
5.0472,113
5.0294,110
4.9688,117
5.0988,107
4.8722,113
4.8734,95
5.1891,101
5.1150,100
5.3141,96
5.2983,114
4.7025,114
4.9926,98
5.2408,107
5.1982,112
4.8597,116
5.0015,103
5.0361,103
4.8901,120
4.9702,106
4.9998,108
5.2639,112
5.0782,119
5.0331,106
5.3562,92
5.0638,104
4.7818,120
5.0610,117
4.8662,122
5.0722,110
5.1317,109
5.0636,104
4.9230,106
4.9556,112
5.2999,96
5.0465,104
5.1276,111
5.0720,119
4.9813,115
5.0247,109
5.1386,119
5.3138,105
4.9236,99
5.2704,107
5.2291,110
5.1344,107
4.8703,124
4.9408,118
5.1938,88
4.8509,118
4.8081,120
4.9815,102
5.2304,103
5.1386,105
5.1891,104
5.2306,124
4.9097,128
4.9075,119
4.8947,111
4.8560,121
5.1665,106
4.8397,130
5.0697,118
5.1508,120
5.0389,95
5.0361,109
5.0152,117
5.1334,112
5.0055,99
4.9795,121
4.8990,118
5.0156,92
5.0573,116
5.0684,106
5.0428,110
4.9623,115
5.1181,107
5.0235,120
4.8722,111
5.2215,109
4.8136,121
4.8061,107
4.9187,110
5.0711,120
4.7716,119
4.9613,105
4.9776,113
4.7841,119
4.9476,109
4.9329,124
4.8338,103
5.0051,120
5.0534,99
4.7783,140
4.8835,134
4.9750,117
4.9719,128
4.6809,130
4.9931,106
4.9299,114
5.0012,108
4.9931,105
5.0588,102
5.1344,112
5.0468,124
5.1389,107
4.9236,109
5.0791,112
4.7989,111
4.9009,111
5.0089,102
4.9524,119
4.9606,125
4.9940,122
4.9273,100
5.0097,110
5.0267,133
5.0782,106
4.8112,111
4.9970,117
4.7584,118
5.0779,106
5.0417,97
5.0132,114
4.9570,117
5.2061,105
5.1618,112
5.2021,124
4.8789,121
4.8867,120
4.9372,123
4.9606,104
4.8417,109
4.9989,114
4.6651,126
4.7840,113
5.1771,117
5.0502,116
4.9672,111
4.8930,135
4.7732,109
5.0567,93
5.0758,114
5.0053,116
4.7507,110
4.6818,121
4.7980,124
5.0122,106
5.0667,111
5.0513,112
5.0225,111
4.8953,127
4.8466,124
4.8918,102
4.7816,111
4.7213,126
5.1011,100
4.9024,120
4.9714,124
4.8044,100
4.6463,130
4.9049,111
4.8868,123
4.8581,130
4.9880,101
4.7396,128
4.7640,146
4.8663,117
4.7597,125
4.7398,133
4.9300,123
5.2110,107
4.6988,146
4.7316,124
4.5939,138
4.9538,127
4.8133,121
4.7923,106
4.6679,121
4.8241,116
4.9717,122
4.9013,106
4.8446,105
4.9097,118
4.8768,109
4.7529,121
4.8366,123
4.7313,126
5.1325,104
4.8314,120
4.5824,113
4.6925,136
5.1428,106
4.8119,123
5.1285,118
4.8285,134
4.5367,124
4.6715,122
4.8817,115
4.6764,128
4.8951,123
4.7160,110
4.6369,132
4.6639,114
4.9262,103
4.7305,143
4.4543,134
4.7019,120
4.8592,108
4.6033,124
4.9333,126
5.0013,118
4.6570,119
4.8741,122
4.7364,121
4.6628,127
4.9917,96
5.0017,105
4.8075,117
4.9985,112
4.8622,123
4.8150,117
4.9734,112
4.9723,115
4.8587,120
4.8175,113
4.9314,104
4.8086,114
4.9706,108
4.7206,132
4.5270,129
4.7568,141
4.6536,134
4.4756,126
4.7356,124
4.8016,115
4.5522,111
4.7575,125
4.9405,115
4.9480,107
4.7207,126
4.7665,119
4.6703,130
4.7760,111
4.6668,134
4.7403,116
4.5159,126
5.0793,118
4.8949,123
4.8345,125
4.6889,119
4.4412,118
4.8147,117
4.8011,123
4.8629,118
4.8915,133
4.8306,119
4.8958,108
4.7165,112
4.8353,129
4.8164,109
4.9876,109
4.6558,142
5.2016,101
4.6883,113
5.0380,118
4.6428,130
4.8965,116
4.8845,115
4.9068,115
4.9654,119
4.9828,108
4.6284,129
4.6698,120
4.5175,125
4.4054,129
4.5744,133
4.7870,129
4.7663,124
4.6320,126
4.5481,127
4.7942,134
4.5112,135
4.5347,124
4.7789,133
4.7234,123
4.6896,127
4.8323,111
4.6795,136
4.5905,124
4.6807,121
4.6908,135
4.6617,127
4.5963,135
4.6328,129
4.8171,118
4.8680,135
4.5044,122
4.6073,131
4.8896,122
4.6349,114
4.6050,111
4.3958,134
4.5838,125
4.7793,124
4.5811,137
4.3312,152
4.7809,130
4.7229,118
4.7514,119
4.8992,106
4.5938,129
4.7370,121
4.5091,122
4.6847,126
4.5365,127
4.8858,109
4.6791,128
4.7451,119
4.7889,114
4.9709,113
4.5571,125
4.8198,107
4.7857,129
4.7342,122
4.6474,132
4.6995,128
4.9500,119
4.6257,133
4.5189,146
4.7695,111
4.6700,124
4.6730,130
4.5654,141
4.8240,123
4.7254,116
4.9370,111
4.6993,116
4.4435,120
4.8036,128
4.4916,125
4.4591,139
4.7158,127
4.9844,122
4.6665,124
4.3321,149
4.7852,129
4.7421,116
4.6243,116
4.8136,115
4.5213,126
4.5342,131
4.9344,106
4.6337,115
4.5647,134
4.5049,135
4.5725,124
4.5952,144
4.7010,137
4.9237,109
4.7013,114
4.5199,152
4.4939,130
4.4258,126
5.0135,126
4.5430,134
4.3207,145
4.6083,136
4.6183,120
4.5199,130
4.6172,139
4.7508,124
4.2985,145
4.7140,128
4.5124,131
4.6255,123
4.4792,148
4.6305,132
5.0360,115
4.3144,137
4.7097,119
4.5935,120
4.7943,123
4.8323,126
4.7324,137
4.5625,139
4.5723,131
4.4012,126
4.6178,131
4.7240,113
4.6613,127
4.5243,131
4.2605,144
4.8615,117
4.8489,131
4.7165,134
4.4760,129
4.3900,142
4.4672,127
4.3917,138
4.4819,133
4.6957,131
4.6256,124
4.7903,135
4.4663,138
4.4862,129
4.8191,116
4.7103,115
4.2850,138
4.5518,122
4.5816,126
4.5214,133
4.3548,144
4.5734,125
4.6451,132
4.6283,122
4.5871,137
4.3251,139
4.4471,137
4.6616,123
4.7158,120
4.6752,129
4.5549,124
4.6662,113
4.4952,134
4.4843,126
4.5719,141
4.2277,145
4.6282,134
4.6788,119
4.4431,135
4.5327,127
4.5100,114
4.5329,145
4.5790,122
4.4571,132
4.6790,128
4.6169,113
4.5112,123
4.4153,141
4.5908,132
4.4866,140
4.4458,127
4.5234,117
4.4882,133
4.5297,146
4.6041,128
4.7863,111
4.5216,136
4.3160,143
4.4794,133
4.5643,118
4.4322,130
4.7876,105
4.4894,138
4.4439,137
4.6969,122
4.3402,135
4.6247,141
4.3826,126
4.5536,125
4.4629,131
4.4829,134
4.5950,141
4.5847,137
4.5166,138
4.5368,155
4.4898,144
4.2699,141
4.4988,150
4.3635,129
4.2875,141
4.2694,126
4.4292,136
4.6485,128
4.3286,132
4.4009,143
4.4818,145
4.5904,133
4.6629,132
4.4826,122
4.7854,128
4.4036,132
4.2682,132
4.5188,119
4.6051,136
4.2754,150
4.5174,139
4.3281,121
4.1558,139
4.3387,141
4.4724,145
4.4417,145
4.7158,131
4.6526,129
4.4678,136
4.7024,123
4.5494,143
4.2856,155
4.7064,128
4.6143,117
4.3535,144
4.4553,142
4.5186,129
4.3358,145
4.2313,138
4.4384,139
4.4852,124
4.5045,132
4.5104,130
4.3341,145
4.4573,139
4.6579,130
4.3899,136
4.5124,150
4.5273,144
4.6557,129
4.3906,147
4.4014,137
4.4240,140
4.2188,141
4.6043,120
4.1848,143
4.2270,154
4.4191,140
4.2994,147
4.5413,140
4.4399,126
4.4454,137
4.4019,130
4.2945,131
4.4422,132
4.2809,138
4.3283,138
4.3259,128
4.5461,135
4.3674,130
4.4383,130
4.6948,133
4.5727,142
4.5937,127
4.6730,124
4.7347,121
4.2243,150
4.4635,134
4.3078,149
4.4783,147
4.0820,148
4.4881,126
4.4921,128
4.3504,138
4.2249,153
4.4780,138
4.5313,133
4.3557,147
4.3187,126
4.2395,160
4.4539,123
4.4643,144
4.6102,124
4.3524,139
4.4126,141
4.4119,142
4.3960,131
4.3228,156
4.5357,137
4.3121,133
4.1686,145
4.5893,112
4.2228,162
4.2828,141
4.2234,143
4.5086,136
4.3852,149
4.4838,144
4.5064,139
4.4255,143
4.4933,147
4.2509,155
4.1092,156
4.3174,134
4.4762,142
4.1577,151
4.3520,146
4.3084,131
4.4476,133
4.4013,151
3.9665,158
4.6313,122
4.3197,140
4.6109,140
4.2233,136
4.2917,128
4.3737,143
4.1445,152
4.3217,147
4.1640,159
4.4832,141
4.2800,137
4.6514,136
4.2867,140
4.3013,155
4.3783,143
4.3332,139
4.4255,130
4.3673,116
4.2991,132
4.2564,142
4.4657,135
4.3811,129
4.2140,142
4.3866,142
4.1295,139
4.1848,156
4.0231,152
4.2231,139
4.2456,149
4.1141,139
4.5121,142
4.4283,150
4.5656,128
4.5014,117
4.3485,139
4.3732,136
4.4275,141
4.2495,126
4.2914,145
4.2591,139
4.4788,141
4.5002,124
4.2000,167
4.0834,152
4.1489,145
4.2835,150
4.2247,155
4.2889,141
4.5400,132
4.2594,143
4.2015,134
4.0953,142
4.5016,146
4.0206,151
4.4315,127
4.3256,128
4.1336,147
4.1509,153
4.4497,141
4.5813,142
4.2582,144
4.2506,136
4.4873,139
4.2295,146
4.3949,135
4.0822,151
4.3181,134
4.3692,123
4.3525,123
4.4758,138
4.2101,152
4.1738,150
4.1805,150
4.2986,156
4.3248,125
4.2582,145
4.3315,125
4.2045,156
4.2122,151
4.2997,146
4.5478,123
4.3376,162
4.2920,138
4.4196,138
4.1691,149
4.4201,140
4.3858,127
4.2359,150
4.2300,149
4.2221,150
4.3815,130
4.4365,139
4.1088,160
4.3773,143
4.0747,148
4.6006,138
4.0991,138
4.3889,153
4.2815,162
4.2575,146
4.2286,138
4.2984,145
4.0899,141
4.5646,121
3.9477,148
4.0673,145
4.0863,147
4.1867,150
4.2579,155
4.4772,145
4.3389,122
4.5411,131
4.2046,139
4.4453,143
3.9979,150
3.9825,153
4.1563,138
4.1862,136
4.1587,165
4.3169,140
4.3675,142
4.2729,144
4.4249,134
4.4383,148
4.4085,151
4.1182,152
4.5698,143
4.1554,146
4.3511,141
4.0991,150
4.0221,145
3.9320,160
4.2655,157
4.4513,150
4.2223,148
4.1663,142
4.2800,141
4.3588,142
4.2650,147
4.4047,138
4.3331,144
4.2854,135
4.1458,159
4.2967,140
4.2756,132
4.2930,141
4.1514,143
4.2993,139
4.0960,173
4.2049,146
4.4690,156
4.2886,148
4.2942,129
4.6558,131
4.2411,143
4.1327,148
4.4604,140
4.0775,150
4.1943,145
4.3754,137
4.2790,151
4.2992,135
4.2625,168
4.1396,134
4.1435,153
4.2061,158
4.1203,156
3.9006,174
4.1652,156
3.9783,157
4.1460,165
4.4462,140
4.4020,133
4.0940,141
3.8101,167
4.1327,144
3.9515,144
4.2786,144
4.2546,137
4.0248,153
3.9264,162
3.8728,139
4.1875,141
4.0894,142
4.4985,128
4.2927,154
4.0562,161
4.1087,142
4.3725,135
4.1420,151
4.0861,155
4.3244,140
3.9730,158
4.4114,145
4.0437,144
4.1725,150
4.3823,148
4.2009,147
4.3528,137
4.0845,168
4.2010,146
4.1286,158
3.6548,182
4.5172,135
3.9010,140
4.1922,146
4.3075,144
4.0348,139
4.0845,145
4.3686,136
4.0679,171
4.5053,132
4.4423,145
4.0377,151
4.0827,144
4.0316,163
4.1141,154
4.3028,131
4.4635,141
3.8473,173
4.3274,139
4.3705,145
4.0255,156
3.9265,171
4.3773,145
4.0772,163
4.3657,136
4.2601,137
4.3613,144
4.0998,160
4.1625,157
4.4028,152
4.3694,152
4.3027,163
4.4999,141
4.2795,150
4.1155,145
4.1317,139
4.1337,134
4.0493,152
4.3286,149
4.2467,141
4.0730,162
3.9721,145
4.2353,149
4.0261,171
3.9567,166
4.2568,146
4.3920,140
4.0757,156
4.1671,146
4.1300,159
4.3083,143
4.1421,140
4.1385,147
4.1732,141
4.0149,162
3.9806,165
4.0987,156
4.1141,145
4.0850,154
4.2269,139
3.9431,147
4.2134,150
4.0996,157
4.1613,151
4.1398,149
4.2111,158
4.2211,154
4.1703,155
4.1681,154
4.0761,144
3.9745,154
4.0755,144
4.1627,152
4.1471,150
4.0921,149
4.2045,157
4.0745,146
4.3905,147
4.3580,127
4.2357,151
4.0957,161
4.0194,163
4.1407,166
4.0855,148
4.2403,148
4.2504,139
4.2505,156
4.0593,153
4.1460,145
3.8562,149
4.2308,152
4.3621,151
4.1952,154
4.0023,168
4.1817,140
4.2240,146
4.1739,157
4.1999,158
3.9439,152
4.2167,159
4.1647,159
3.8564,161
3.9176,178
3.8747,175
3.9720,155
4.2049,141
4.0219,159
4.1271,163
4.1460,142
4.1031,160
4.2184,159
4.4103,137
3.9607,143
4.1349,155
3.9852,163
3.9921,158
4.0991,151
3.9605,148
4.3621,133
3.7922,159
4.4060,144
4.0328,147
4.1185,159
3.8822,149
4.1033,162
4.1595,151
4.0478,165
4.2404,152
3.9263,177
4.1771,150
3.8724,162
3.8693,163
4.0151,152
4.2718,146
3.9437,157
4.1224,134
4.1980,141
4.0487,142
3.9554,154
4.0275,149
3.9964,160
3.9708,179
3.9247,160
4.3052,143
4.1526,144
3.9724,150
3.9573,164
4.0108,152
4.1986,149
4.3514,139
3.9718,158
4.1716,152
4.0356,162
3.9647,175
4.2810,140
3.8552,171
3.8553,152
4.0788,157
4.5371,131
4.2509,135
4.0695,165
4.1627,142
3.7775,151
4.2120,144
3.8716,164
3.8742,158
4.1608,146
3.9076,155
4.0875,148
4.0251,153
4.0164,154
4.0724,159
4.0057,165
4.0704,160
4.2284,142
4.0269,164
4.0047,159
3.8973,167
4.0392,165
4.0185,163
4.2334,156
3.9277,162
4.0740,143
3.8257,160
4.1529,160
3.9945,171
4.0654,160
4.2983,162
3.8680,154
3.8618,135
3.8684,165
4.3373,146
3.8247,163
3.8894,159
3.8967,163
3.9830,161
3.9175,168
3.9053,171
3.9761,157
4.2056,134
4.2039,151
4.0317,150
4.1153,145
4.0564,152
3.8196,158
4.1319,159
4.1520,137
3.7668,185
3.8780,159
4.0910,142
3.8432,160
3.9684,167
3.8729,175
4.0064,162
4.0116,172
4.1730,143
3.8287,171
3.9592,170
3.8251,168
3.7933,168
3.9422,157
4.3996,157
4.0954,165
4.2109,139
3.9771,174
3.8679,163
4.1204,173
4.2285,158
4.3240,161
3.9555,157
4.0850,144
4.1958,156
3.7910,158
4.0931,160
3.9565,166
3.8917,169
4.0331,160
3.9682,163
3.7983,168
3.9431,177
3.8636,171
3.9345,147
3.8890,167
4.0244,150
4.0520,154
3.9921,156
3.9649,159
3.9680,162
3.7984,166
3.7280,174
3.7868,168
3.7815,159
3.9523,144
3.9884,149
3.7898,166
4.2451,139
4.1588,149
3.9116,165
4.0659,157
4.0995,156
3.8261,156
4.0059,167
3.8859,192
3.8211,157
4.0194,172
4.0732,166
3.9423,160
4.0106,160
3.9157,144
3.4977,165
4.0349,158
4.0236,157
3.7923,163
3.9899,162
3.7363,176
4.0702,165
3.6523,177
3.9802,155
3.7921,181
4.1643,157
3.9495,158
3.8644,172
3.9966,157
3.7424,172
3.7757,159
3.7889,176
3.8096,176
4.0316,151
3.8623,165
3.6995,174
3.8430,172
3.9485,171
3.9489,144
4.1202,162
3.9586,140
4.1024,149
3.9279,172
3.8137,158
3.6702,167
3.9177,161
3.9345,165
3.9899,161
4.1483,138
3.9193,178
3.8631,163
3.6586,183
3.9059,176
4.1883,153
3.8305,164
3.9066,156
4.0376,154
3.7555,158
4.1097,146
3.6674,173
3.8029,161
3.8369,167
3.8881,171
3.8271,184
3.8973,159
3.9542,147
3.8884,172
3.7695,172
3.8630,165
3.8757,163
3.6995,174
3.8483,172
3.8177,174
3.5445,169
3.9673,172
3.7751,188
3.7519,156
3.8852,149
3.7456,168
3.8273,190
4.2409,152
3.8683,144
3.8756,161
3.9568,169
4.1948,153
4.1037,157
3.8486,166
3.7837,194
3.8770,171
3.5985,200
3.9753,158
3.6477,176
3.8625,176
3.9655,153
3.9802,168
3.9503,167
4.2868,149
3.8976,165
3.5670,176
3.9942,142
3.7540,153
3.7991,173
3.8537,183
3.7102,165
4.0585,160
4.1124,162
3.8377,177
3.9221,157
3.9160,167
3.9968,162
3.5870,186
3.8599,167
3.9239,167
3.9849,174
3.9255,162
3.8911,162
3.9014,158
3.7868,173
3.6224,174
3.6924,158
3.8056,172
3.9232,168
3.7347,159
3.8041,150
3.6683,169
3.7697,179
4.1353,162
3.7914,172
3.8553,162
4.3020,150
3.9184,171
3.6520,177
3.9322,166
3.7965,175
3.7860,173
4.1168,150
3.9644,166
4.0157,156
3.7833,176
3.7228,169
3.8156,175
3.9805,153
3.9336,173
3.7637,162
3.8750,170
3.9421,147
3.7540,157
3.9289,175
3.9161,173
3.7178,164
4.0658,166
3.9477,164
4.0156,170
3.6691,172
3.7261,166
3.7815,168
3.7675,166
3.6227,173
4.2454,136
4.1399,149
3.8912,156
3.7862,163
3.8898,158
4.1252,149
3.7243,165
3.5376,192
3.9837,149
4.1177,159
4.0674,163
3.8488,171
3.3881,166
3.6996,167
3.9269,165
3.9858,154
3.8744,172
3.8761,152
3.8945,179
3.6980,173
4.0230,180
4.0936,156
3.7105,175
3.6350,183
3.7329,176
3.9938,168
3.9050,147
3.7247,156
3.8191,180
3.8149,172
3.8981,162
3.8469,180
3.6706,171
4.0742,156
3.8843,167
3.8172,165
3.9199,178
3.9750,165
3.8758,160
3.7642,172
3.8957,164
3.7898,161
3.9530,164
3.8194,170
3.6380,188
3.7137,181
3.8837,160
3.8570,157
3.7309,182
3.8068,171
3.7815,169
3.7337,166
4.1204,157
3.7928,178
4.0008,154
3.6994,171
3.9727,185
4.0236,170
3.8533,178
3.7135,160
4.0508,157
3.9110,173
3.6652,170
3.6939,186
3.7596,179
3.6516,179
3.8500,160
3.5672,185
3.6529,180
3.9115,152
3.7095,185
3.4970,196
4.0255,150
3.8207,162
3.4222,200
3.9148,170
4.0670,184
3.8863,176
3.8863,170
3.7629,162
3.8432,162
4.0120,167
3.6772,170
3.7365,177
3.6604,176
3.7507,172
3.8077,165
3.6666,176
3.7692,168
3.8218,196
3.6882,187
3.5290,178
3.9091,167
3.7040,175
3.4703,168
3.6564,197
3.5924,191
3.8456,163
3.8541,148
3.9559,160
3.8124,158
3.7351,181
3.7231,185
3.5199,180
3.6984,150
3.8789,176
3.8991,167
3.8502,163
3.6806,159
3.8869,178
3.7104,171
3.7922,178
3.9456,160
4.0290,151
3.6234,173
3.6667,161
4.1288,168
3.6164,188
3.9406,163
3.6780,175
3.6484,170
3.9220,169
3.9258,167
3.8347,170
3.6632,162
3.9891,161
3.6709,167
3.7632,163
3.7318,167
3.5175,187
3.8139,171
3.8247,160
3.9175,162
3.7922,166
3.7689,186
3.7898,163
4.0395,162
3.6131,185
3.8561,174
3.5967,161
3.6666,183
3.6606,171
3.7442,182
3.8368,155
3.7044,184
3.5826,173
3.5993,169
3.7840,179
3.7745,168
3.7338,170
3.7457,168
3.6138,180
3.7078,182
3.6437,166
3.8564,156
3.6384,169
3.6792,178
3.7887,167
3.8010,178
3.8148,173
3.7315,166
4.0039,164
3.6348,177
3.8243,174
3.5528,184
3.6856,181
3.5952,167
3.6933,163
3.6891,174
3.8105,158
3.6988,176
3.9754,159
3.9294,156
3.7302,175
3.5897,166
3.9523,174
3.4542,163
3.6032,185
3.7723,169
3.5780,201
3.6216,189
3.7860,167
4.0285,162
3.9742,160
3.7843,172
3.5901,189
3.6168,172
4.0116,146
3.9093,150
3.7857,177
3.6654,177
3.7985,164
3.5763,148
3.6801,172
3.7383,170
3.6538,184
3.6015,184
3.6377,173
3.8169,168
3.4618,191
3.9371,160
3.6963,178
3.6959,179
3.5430,182
4.0630,151
3.8416,171
3.8091,172
3.7697,157
3.7454,174
3.5787,191
3.7126,180
3.5015,166
3.8839,180
3.9008,154
3.6783,165
3.8111,182
3.8941,186
3.8051,182
3.6885,179
3.8176,181
3.7478,172
3.7143,175
3.8162,162
3.5472,187
3.6254,176
3.7576,176
3.6465,182
3.8043,162
3.8198,171
3.3949,174
3.4917,195
3.7141,162
4.0576,173
3.6129,182
3.5982,178
3.5389,171
3.5497,181
3.8994,173
3.7766,177
3.5733,176
3.6439,192
3.7540,180
3.5066,185
3.8981,170
3.8423,167
3.5130,168
3.4369,185
3.7337,175
3.7359,173
3.7094,171
3.6786,171
3.6383,183
3.7195,167
3.8403,171
3.7876,165
3.3816,188
3.4829,182
3.6468,178
3.6066,175
3.4648,187
3.5717,180
3.8099,168
3.7323,202
3.5556,182
3.7512,172
3.5017,185
3.9335,177
3.5967,181
3.5878,185
3.8229,169
3.7940,178
3.7760,174
3.6858,172
3.5769,184
3.7609,168
3.5049,178
4.0151,143
3.7036,166
3.8393,170
3.8259,169
3.6222,164
3.9823,170
3.5960,165
3.7986,180
3.7108,159
3.3889,204
3.5687,184
3.6894,179
3.6528,175
3.7767,177
3.7243,174
3.8373,169
3.3800,186
3.3181,198
3.6197,192
3.6688,179
3.6765,191
3.6894,170
3.8497,162
3.4109,186
3.8667,170
3.9040,153
3.7288,180
3.3509,191
3.8271,166
3.6538,182
3.5925,181
3.3936,193
3.5067,190
3.7033,171
3.6785,183
3.7558,174
3.5475,186
3.7074,177
3.6518,164
3.8170,185
3.9626,152
3.5688,183
3.5921,165
3.7660,168
3.6521,182
3.6287,176
3.7167,164
3.8860,167
3.5616,182
3.6882,182
3.5472,201
3.6653,171
3.7657,166
3.5522,183
3.5587,187
3.7384,182
3.4843,196
3.6620,171
3.6019,180
3.6548,197
3.7376,173
3.4900,183
3.5053,175
3.5943,181
3.6718,176
3.7753,176
3.8364,152
3.4084,191
3.5526,184
3.7424,178
3.2524,196
3.5484,175
4.0180,164
3.6280,180
3.6350,186
3.8211,179
3.7550,185
3.6481,180
3.6533,167
3.5602,178
3.9129,174
3.6251,170
3.7548,184
3.3222,172
3.8033,175
3.6382,177
3.5321,174
3.5043,188
3.8389,174
3.4118,193
3.5829,170
3.3767,178
3.6231,184
3.6734,167
3.6615,169
3.8303,176
3.5641,179
3.4381,171
3.7730,180
3.5715,176
3.8493,179
3.4443,198
3.6410,178
3.8552,169
3.7385,183
3.6565,171
3.2742,186
3.7117,172
3.8115,178
3.5712,176
3.5021,197
3.9578,168
3.7141,183
3.4716,176
3.6793,161
3.5267,179
3.8224,163
3.8107,175
3.5296,185
3.4485,192
3.3723,180
3.6070,184
3.6509,179
3.5199,187
3.8521,166
3.6423,183
3.3078,185
3.7847,177
3.6265,174
3.6092,180
3.6024,187
3.4600,193
3.6684,186
3.4762,166
3.6495,185
3.5955,190
3.5578,178
3.7292,173
3.6708,158
3.9437,179
3.6433,173
3.4843,173
3.6004,170
3.5302,190
3.7102,174
3.2206,207
3.4018,192
3.7093,177
3.5677,184
3.4700,195
3.7047,179
3.3766,192
3.5567,178
3.5205,191
3.3818,196
3.5812,188
3.6057,193
3.7431,176
3.4287,197
3.6125,183
3.5446,176
3.6897,167
3.8715,162
3.3704,187
3.5552,173
3.6304,170
3.6852,185
3.8161,170
3.7556,177
3.6422,170
3.3439,173
3.2246,194
3.5330,165
3.5542,183
3.8105,162
3.6745,173
3.3921,184
3.5191,162
3.4397,205
3.8712,165
3.6013,180
3.2634,187
3.6131,189
3.6379,185
3.5626,190
3.5606,180
3.4811,188
3.6205,187
3.8005,176
3.5978,161
3.4302,179
3.6892,173
3.6387,181
3.4785,178
3.4754,191
3.5645,180
3.5479,189
3.6328,196
3.4417,188
3.3213,182
3.4123,196
3.5619,185
3.5095,192
3.7256,149
3.3863,188
3.6048,183
3.4248,195
3.5592,198
3.3617,189
3.5128,186
3.5793,189
3.3583,190
3.2989,194
3.6723,189
3.4858,197
3.5120,172
3.6184,176
3.2294,207
3.4241,183
3.3825,184
3.6021,168
3.5314,195
3.5640,207
3.6790,172
3.4680,191
3.6806,164
3.4418,175
3.5104,188
3.6550,189
3.4519,192
3.6431,183
3.6151,188
3.4988,194
3.5591,179
3.7474,177
3.3159,193
3.4752,188
3.4628,166
3.5412,175
3.4490,200
3.4393,188
3.4126,208
3.4390,196
3.4851,191
3.5977,175
3.5142,187
3.4629,179
3.4847,182
3.2526,210
3.5422,190
3.3686,201
3.3304,195
3.5966,195
3.5757,190
3.3085,205
3.6775,172
3.5475,178
3.5768,188
3.4917,198
3.5142,179
3.5238,187
3.4871,186
3.6191,172
3.4692,177
3.2867,200
3.4908,187
3.4905,183
3.3250,190
3.4987,194
3.4306,200
3.6556,172
3.8192,171
3.6995,168
3.4737,191
3.5086,183
3.7031,171
3.4004,199
3.4091,195
3.4021,185
3.3237,201
3.3985,190
3.3944,205
3.7413,183
3.6318,183
3.4827,187
3.4215,180
3.4864,187
3.4824,167
3.4177,178
3.8766,163
3.2657,205
3.3313,196
3.6959,176
3.3332,204
3.4517,192
3.7890,192
3.5069,208
3.4417,185
3.1554,209
3.6114,181
3.5712,189
3.3459,200
3.6098,185
3.4633,187
3.3782,192
3.2654,199
3.5961,182
3.4187,187
3.3425,195
3.4168,183
3.6597,174
3.3494,191
3.5593,171
3.3046,189
3.5550,184
3.3481,208
3.2607,202
3.3650,195
3.4105,212
3.4861,176
3.6139,187
3.4933,176
3.3033,196
3.1727,206
3.2866,184
3.3685,202
3.5691,178
3.4820,186
3.4989,176
3.4472,189
3.4020,192
3.2327,179
3.1961,200
3.4268,204
3.8432,165
3.3562,191
3.2396,197
3.6095,192
3.4551,195
3.4039,205
3.3906,190
3.4308,190
3.5307,186
3.4857,178
3.3884,191
3.6261,183
3.4815,186
3.4176,191
3.4633,188
3.6453,174
3.3381,184
3.5126,190
3.3529,186
3.3514,199
3.5292,169
3.4922,182
3.4350,183
3.3791,185
3.5582,189
3.5145,185
3.3159,184
3.7193,193
3.4660,184
3.3863,191
3.5126,167
3.3910,194
3.5497,173
3.3772,192
3.2505,208
3.7506,170
3.6260,181
3.4167,187
3.3888,191
3.3839,205
3.3813,203
3.4814,184
3.3570,191
3.6547,167
3.6049,177
3.3567,190
3.5546,191
3.4374,195
3.3875,208
3.4090,189
3.6165,180
3.4439,185
3.2069,176
3.3531,188
3.3701,201
3.4989,179
3.4809,180
3.5593,162
3.5971,178
3.3908,175
3.4082,182
3.5298,179
3.4419,197
3.5457,178
3.4743,203
3.2534,205
3.4972,189
3.3958,209
3.2547,190
3.2754,205
3.8059,163
3.6533,181
3.3795,209
3.5508,177
3.4210,199
3.6186,188
3.5630,183
3.3742,192
3.4497,200
3.4251,178
3.4266,193
3.5361,197
3.3550,201
3.4727,180
3.4671,184
3.5334,188
3.5672,180
3.5631,190
3.6020,164
3.2347,208
3.6575,167
3.5817,204
3.3880,176
3.4459,197
3.2513,177
3.3658,177
3.3041,197
3.3163,184
3.4671,202
3.3721,179
3.4194,182
3.2141,193
3.4381,186
3.5303,187
3.5021,180
3.5585,204
3.4953,184
3.3944,173
3.4831,179
3.4258,187
3.3540,189
3.6966,173
3.5992,170
3.3218,196
3.5386,203
3.2332,197
3.4633,193
3.4044,190
3.3150,199
3.3036,192
3.4098,189
3.4543,190
3.4223,209
3.4906,186
3.3129,204
3.2737,215
3.3114,189
3.3137,201
3.2069,195
3.4442,206
3.3683,183
3.3819,189
3.4180,179
3.1779,201
3.1290,214
3.2520,203
3.4904,181
3.5928,189
3.4287,192
3.3196,193
3.2477,208
3.2204,205
3.5204,191
3.4246,193
3.2811,183
3.2924,196
3.2097,192
3.4027,199
3.4725,179
3.1951,223
3.2082,203
3.3642,195
3.4617,191
3.3257,188
3.3455,190
3.5363,192
3.3867,189
3.3944,208
3.4315,182
3.2980,201
3.3588,198
3.2881,189
3.2445,196
3.3281,209
3.2904,218
3.3518,196
3.4116,192
3.2322,208
3.1889,199
2.9748,230
3.4590,189
3.3106,182
3.6492,178
3.2701,194
3.2454,209
3.3966,193
3.4255,184
3.2953,204
3.3045,211
3.2734,192
3.4994,187
3.3427,192
3.3369,183
3.4389,193
3.6640,179
3.5040,190
3.4538,188
3.3842,191
3.4414,192
3.2983,185
3.4393,189
3.5155,195
3.1701,200
3.4031,190
3.2946,216
3.4831,187
3.2233,200
3.3169,188
3.5274,212
3.3501,216
3.3450,186
3.5512,192
3.2346,198
3.5774,177
3.3198,209
3.2312,209
3.2503,205
3.5471,199
3.2156,207
3.1926,196
3.3296,191
3.2225,199
3.3949,188
3.4369,184
3.6209,173
3.6979,183
3.4632,182
3.5562,180
3.1861,205
3.2850,202
3.2585,206
3.3289,191
3.3782,183
3.3870,188
3.5103,186
3.5268,195
3.6080,187
3.2248,194
3.2969,199
3.3857,195
3.4148,172
3.3247,197
3.4098,199
3.3952,192
3.3213,205
3.4754,185
3.1601,200
3.3468,199
3.3305,190
3.1538,198
3.3827,192
3.4005,184
3.4128,204
3.3437,188
3.3006,200
3.3628,181
3.1245,203
3.4654,194
3.2671,203
3.4653,189
3.4117,193
3.4252,193
3.2350,205
3.2711,203
3.5126,188
3.5156,210
3.5555,203
3.2286,209
3.3042,195
3.4003,206
3.3877,199
3.8058,167
3.2734,212
3.5202,176
3.3623,185
3.3279,204
3.4594,182
3.4088,187
3.4100,197
3.5174,186
3.3374,199
3.3139,202
3.4723,204
3.2986,193
3.1593,197
3.5030,179
3.3980,176
3.3140,197
3.3427,181
3.4178,210
3.1189,205
3.5555,172
3.2266,211
3.4740,192
3.3002,197
3.3151,190
3.2772,199
3.5455,157
3.1578,211
3.5156,188
3.1527,203
3.2937,194
3.2971,211
3.2464,190
3.4448,200
2.9781,209
3.2771,174
3.3448,197
3.5796,183
3.3733,195
3.3098,195
3.2376,194
3.3279,203
3.1892,207
3.3543,193
3.4418,190
3.2277,194
3.1116,215
3.3368,181
3.1219,209
3.1231,207
3.1934,209
3.1898,212
3.1590,225
3.0291,226
3.1310,203
3.3054,210
3.3011,200
3.3865,208
3.5263,182
3.2284,193
3.1708,198
3.4863,193
3.4809,186
3.1910,199
3.4369,187
3.4608,193
3.4000,188
3.4757,185
3.4202,205
3.1297,196
3.3508,187
3.3772,184
3.3798,192
3.4169,201
3.4116,200
3.3349,190
3.3277,193
3.2192,210
3.3058,198
3.4332,198
3.3491,180
3.2204,207
3.6239,185
3.4342,193
3.1156,214
3.2535,202
3.3281,192
3.3108,205
3.2491,194
3.3674,194
3.1841,211
3.2586,196
3.2180,207
3.3271,210
3.6627,185
3.4032,193
3.3839,185
3.1293,190
3.2442,193
3.3968,182
3.2234,201
3.5171,195
3.4247,202
3.0680,220
3.4243,199
3.3014,189
3.5156,203
3.4863,191
3.2151,203
3.4651,180
3.1204,197
3.1695,197
3.4576,210
3.1208,213
3.5215,203
3.4944,188
3.5044,182
3.3893,190
3.3492,196
3.3683,190
3.0286,204
3.6314,188
3.1872,223
3.3250,191
3.3633,197
3.4899,198
3.5120,184
3.3391,193
3.4125,184
3.2014,205
3.0477,203
3.4895,135
