1.0273,274
1.1549,263
1.0268,269
0.9372,285
0.9569,283
0.8520,290
0.8944,283
0.8926,283
1.0093,272
0.8937,283
0.8542,290
0.9802,277
0.9781,278
0.9335,277
0.9449,272
0.9691,271
0.8269,287
0.7716,289
0.7673,292
0.8297,295
0.8385,286
0.8470,300
0.8550,275
0.9864,280
1.0138,271
0.7587,300
0.9694,269
1.0127,273
0.8921,286
0.9384,283
0.9250,285
0.9927,274
0.9989,283
0.9460,285
0.9368,268
0.9819,270
1.1749,257
1.0686,276
0.8576,286
0.9740,267
0.9119,283
0.9405,294
0.9070,284
1.0942,271
0.8453,293
1.0031,280
1.0203,268
0.9310,267
1.0100,281
1.0883,266
0.9904,268
1.1038,263
0.9594,278
0.9159,278
0.8730,286
1.0929,263
0.9381,284
1.0575,280
0.9586,277
1.1799,267
0.9403,276
1.0798,268
0.9381,278
0.9983,268
0.9736,266
0.8958,278
1.0745,258
1.1273,265
0.8344,283
0.8894,280
0.9600,280
0.8785,283
0.9709,273
0.9297,278
0.9380,276
0.9710,266
1.1138,262
1.1240,261
1.0623,273
1.0319,272
0.8562,283
0.8490,297
1.0480,261
0.8920,287
0.9236,281
1.0803,285
0.9125,298
0.9466,283
1.0142,269
0.9269,291
0.9668,285
0.8511,294
0.9925,280
0.9179,284
1.0378,278
1.1720,252
1.0632,265
1.0000,280
1.0537,272
1.0881,271
1.0129,276
0.9317,279
0.9711,277
1.0923,254
0.9139,282
1.0517,267
0.9781,283
1.0407,274
0.9564,283
0.8696,282
1.1090,270
0.9629,287
1.1027,273
0.9332,282
0.9984,268
1.0580,283
0.9844,276
0.9527,274
1.0981,268
1.1529,273
1.0624,260
1.0752,265
1.0058,270
0.9372,295
1.0676,269
1.0077,280
0.9305,277
1.0669,278
1.0318,266
1.0677,266
0.9573,293
1.1143,264
1.0002,277
0.9876,282
1.0175,275
1.0940,269
0.9536,280
0.8972,289
1.0410,265
0.8967,288
0.9721,282
0.9317,275
1.1719,254
0.9838,275
1.1625,260
0.9771,284
0.9758,282
1.0824,281
1.1913,271
0.9541,280
1.1863,264
1.0039,282
0.9489,287
1.0045,267
0.9228,286
0.9504,282
1.0175,281
1.0106,269
0.9495,285
0.9639,279
0.9175,276
0.9291,287
1.1651,263
1.0322,269
1.0846,270
0.9176,275
0.9494,289
1.1219,268
1.0706,266
1.0590,266
1.0896,265
1.0152,280
1.1106,273
1.0147,282
0.9091,286
0.9541,277
1.0997,273
0.8958,289
0.9487,286
1.1295,271
0.9860,276
0.9669,285
0.9798,279
0.9928,282
0.9600,285
0.9967,277
1.0097,279
1.1106,263
0.8906,281
0.9200,288
0.9596,292
0.9763,282
1.1099,260
1.0404,277
0.9457,288
0.9617,278
0.9841,277
0.9740,280
1.0224,270
1.0075,275
0.9570,280
1.0289,282
0.9415,281
1.0679,264
1.0268,279
1.0559,270
1.1028,271
0.8417,292
1.0591,272
1.0540,271
0.9472,291
0.9445,267
1.1294,261
1.0954,277
1.0074,275
1.0457,262
0.9670,278
0.9357,282
0.8624,287
1.0126,283
1.0596,278
1.0458,264
0.9897,282
0.9520,281
1.0691,267
1.0624,278
0.9562,286
0.9997,282
1.0883,271
1.1189,277
1.0871,259
0.9342,290
1.0781,269
1.0585,271
1.0269,276
1.0927,259
1.0432,271
1.0199,279
0.9409,286
1.0398,285
0.9622,286
0.9647,276
0.9487,278
1.1226,263
0.9902,285
1.1615,263
1.1335,272
1.1118,268
1.0209,277
0.9971,276
0.9222,278
0.9793,279
1.1088,270
0.9315,284
1.0643,274
0.9733,281
1.0846,268
1.0455,277
1.0811,267
1.0888,270
0.9916,285
0.9331,278
1.0133,267
0.9165,289
0.9079,292
1.1027,270
1.0678,275
0.8885,291
0.9181,290
1.0465,272
1.0871,271
0.9580,285
1.1140,269
0.9683,289
1.0799,285
1.1142,261
1.0006,279
1.0673,273
1.1732,271
1.0042,274
1.1248,264
1.0654,271
1.0047,283
0.9658,282
0.9289,286
0.8664,286
1.0216,269
0.9539,283
1.0123,283
1.2112,261
1.0833,272
0.9529,279
1.0435,273
0.9970,281
1.0412,271
1.1178,272
0.9748,284
1.0805,276
1.0776,266
0.9482,287
1.0451,284
0.9775,279
1.0495,271
0.9470,284
0.9920,279
1.1871,263
0.9589,285
0.9741,280
1.0828,271
0.9351,292
0.9707,286
1.0242,283
1.0990,265
0.8953,284
1.0571,272
0.8895,284
1.0229,272
1.0838,278
0.9966,277
1.0684,275
1.2043,252
0.9307,279
1.1268,279
1.0365,270
0.9923,281
1.1965,256
1.0948,272
1.0363,285
1.0636,271
1.0690,267
1.1244,262
1.1126,264
0.9262,287
1.1548,274
1.1122,270
0.9873,283
0.9715,277
0.9479,294
1.0924,282
1.0270,289
1.0939,276
1.0642,276
1.0434,272
1.1703,268
1.0503,280
0.8969,290
1.0244,285
1.1610,269
0.9538,285
1.1036,271
1.0948,260
1.0954,268
1.1119,262
0.9726,271
1.0723,282
1.0622,276
1.1349,270
0.9847,280
0.9792,274
1.0999,265
1.0462,275
0.9870,280
1.1106,271
1.1168,273
1.0322,279
1.0932,272
1.2428,269
0.9460,280
0.9965,280
1.0114,286
1.1019,271
0.9440,290
0.9510,280
1.1272,259
0.9926,278
1.0672,276
0.9910,283
1.0371,283
1.0930,282
1.0407,276
1.1317,263
1.0269,272
1.1426,273
1.0925,279
1.0658,276
1.2075,279
1.1066,265
1.1779,268
1.0650,271
1.0418,272
1.0509,280
0.8741,293
1.0156,284
1.0522,271
0.9960,277
1.0964,268
1.0688,267
0.9577,288
1.0419,271
0.9947,286
1.0170,277
0.9924,287
1.0402,276
1.1936,263
1.0540,286
0.8084,295
1.0455,276
1.0965,270
1.0375,288
0.8518,307
1.0223,268
0.9734,289
0.9259,292
0.9213,291
1.0917,281
1.1239,272
1.0567,271
1.0221,279
1.0086,284
1.1553,270
1.0613,281
0.9556,278
0.9965,276
1.0098,287
1.1683,263
1.1134,261
0.9503,284
1.1845,268
1.0435,269
0.8096,289
0.9781,294
1.0157,273
0.9381,290
1.1066,283
1.0946,267
1.1121,266
0.9353,284
1.0531,279
0.9139,283
1.0872,279
1.1497,264
0.8985,274
1.1480,265
0.9367,291
0.9792,293
1.1351,269
0.9575,288
1.2436,248
1.0198,278
1.0806,273
1.1495,275
1.1573,266
1.1331,271
0.9700,287
1.1301,270
1.0677,272
1.0153,280
0.9657,276
1.1069,272
1.0706,284
1.2023,267
0.9431,277
1.0312,267
1.0353,277
1.1210,266
1.2160,263
0.9728,284
1.1370,270
1.0511,275
1.1110,272
1.1332,276
1.0961,265
1.1492,273
0.9366,277
1.0094,288
0.9539,289
1.0517,284
1.0596,275
1.0703,273
0.9796,276
1.0833,281
1.0321,272
0.9982,283
1.0487,276
1.0701,272
1.0464,273
1.1955,258
1.0122,277
0.9976,286
1.0852,275
1.0971,275
1.0595,274
1.0269,280
1.0347,273
1.1802,262
1.1286,270
1.0164,283
1.1208,268
1.1245,268
0.9820,295
1.2387,255
1.0416,271
1.0316,288
0.9303,290
1.0692,262
1.1277,276
1.1106,272
1.0045,277
1.0061,287
0.9664,284
1.0563,273
1.0745,276
0.9899,275
0.9776,281
1.0395,279
1.1105,265
1.0593,275
1.1346,263
1.1606,273
1.0874,275
1.0901,266
1.0587,276
1.0833,281
1.1463,267
1.0108,279
1.0141,276
1.1543,263
1.0041,282
1.0017,279
1.0042,277
1.0818,272
1.0820,267
1.1121,277
1.2057,270
0.9991,283
1.1286,269
1.0386,292
1.0987,275
0.9702,286
1.1201,266
0.9623,281
0.9767,283
1.0561,279
1.0177,272
0.8949,283
1.0522,277
1.0679,276
1.0001,286
1.0041,286
1.1462,261
1.1003,264
0.9718,282
1.0744,269
1.1297,266
1.0284,283
1.1324,280
1.1963,268
1.0255,265
1.0113,291
1.1234,274
1.0950,281
1.0402,267
1.0331,283
1.0561,269
0.9272,286
1.0067,287
1.0939,281
1.0450,274
0.9632,287
1.2284,262
0.8986,299
1.1792,262
1.0198,287
0.8957,288
1.1514,269
1.1664,271
1.0517,285
1.0480,272
1.0312,273
1.1648,271
1.0382,292
1.0889,268
1.1415,276
1.0233,283
1.0691,278
1.1868,262
1.2024,262
0.9583,285
1.2091,272
1.1557,266
1.1057,278
1.1679,276
1.1705,269
1.1240,277
1.0452,285
1.1082,271
1.1251,273
1.1541,263
1.1075,266
1.0206,276
1.0764,272
1.2079,262
0.9577,287
1.1048,285
1.0041,281
1.2185,264
0.9994,284
1.0683,279
1.0751,273
0.9454,294
1.0798,276
1.2403,263
1.1532,268
1.0829,270
1.0509,282
1.1739,270
1.0125,280
1.0788,278
1.0199,276
1.0399,279
1.1968,262
1.3208,247
1.1703,270
1.1318,279
0.9444,290
1.2646,272
1.0142,275
1.0545,279
1.1632,272
1.1423,267
0.9945,285
1.1832,270
1.2332,262
1.1483,269
1.0260,284
0.9525,284
0.9682,289
0.9459,278
1.3206,254
1.0906,288
0.9057,290
0.9924,281
1.2831,262
1.0757,264
1.1279,268
0.9236,296
1.0874,277
1.1314,272
1.2526,248
0.9934,285
1.0812,270
1.1229,273
1.0756,275
1.1027,277
1.0985,271
1.1916,267
1.0151,285
1.0977,276
1.1333,267
0.9897,286
1.0798,278
1.0814,275
1.0687,266
1.0624,274
0.9468,276
1.0192,267
1.0112,277
1.1635,262
1.1041,278
1.1942,269
0.9362,284
1.0244,284
1.1854,270
1.0854,278
1.1538,267
1.0717,269
0.8558,294
1.0674,274
1.1938,266
1.2095,266
1.0143,271
1.1188,263
1.0510,279
1.0810,276
1.1320,273
1.2254,279
1.1661,268
1.1514,271
1.2114,271
1.0809,282
1.1573,266
0.9432,297
1.1604,266
0.9722,285
1.1897,256
1.1410,267
1.0632,280
1.0812,271
1.0370,280
1.0566,274
1.1354,277
1.0568,280
1.1797,275
0.9899,276
1.0794,285
1.1132,268
1.1500,265
0.9592,284
1.0521,283
0.9220,283
1.0480,284
1.0050,274
1.0158,279
1.1038,269
1.1829,264
1.1055,278
1.2258,267
1.1626,269
1.0532,278
1.2084,261
1.1893,263
1.1045,280
1.1654,265
1.1711,276
1.2852,264
1.0955,275
1.1263,276
1.1790,265
1.1086,273
1.2093,267
1.1567,263
1.0370,277
1.1716,264
0.9889,283
1.2819,256
1.1282,275
1.1484,270
0.9771,282
1.0068,279
1.0299,272
1.2419,260
1.2839,261
1.2770,263
1.1590,271
0.9920,273
1.0267,280
1.0619,277
1.0559,268
1.0848,281
1.0392,272
1.1065,277
1.0118,290
1.0210,279
1.1870,262
1.1376,272
1.0392,279
1.1931,263
1.1161,278
1.1064,273
1.0407,281
1.1789,258
1.2335,261
1.2820,273
0.9937,278
1.0474,283
1.0850,275
1.0936,274
0.9864,285
1.0682,276
1.2200,277
1.2602,259
1.1883,264
1.1442,275
1.0366,285
1.0764,279
1.1440,278
1.0090,288
1.0493,276
1.1465,274
1.0215,290
1.0876,276
1.0404,282
1.1343,268
1.0995,280
1.2687,267
1.0754,273
1.0436,278
1.0981,284
1.0770,273
1.0510,283
1.0249,282
1.1716,264
1.0737,266
1.1572,273
1.1781,280
1.0642,280
1.3299,262
1.0973,273
1.0028,276
1.2086,258
1.1424,274
1.1943,265
1.2179,266
1.0146,276
1.1038,271
1.1491,269
0.9824,284
1.0143,283
1.1092,275
1.1826,267
0.9667,278
1.0022,284
1.0434,270
1.1877,273
1.0554,278
1.0756,284
1.1281,276
1.0489,282
1.1150,276
1.0876,277
1.0239,283
1.1000,264
1.0430,278
1.2107,265
1.1452,271
1.2258,273
1.0544,281
1.1795,268
1.0644,275
1.0197,275
1.0052,270
1.1145,274
1.1598,279
0.9645,283
0.9331,291
1.1472,274
1.0520,272
1.0804,283
0.9821,284
1.0683,276
1.0169,285
1.0732,265
1.1049,282
1.1634,272
1.0643,276
1.0233,274
1.0662,284
1.0318,286
1.1990,274
1.2071,266
1.0218,274
1.0289,272
0.9757,289
1.2523,276
1.1360,278
1.0332,279
1.0064,289
0.9024,290
1.2375,273
0.9471,290
1.0688,273
1.0354,276
1.0094,279
1.0653,283
1.0616,280
1.0955,269
0.9859,287
1.0665,272
0.9694,289
0.9453,288
1.1203,273
1.0875,276
1.0425,278
1.1405,264
1.1595,277
1.0789,271
1.2019,261
0.9820,289
0.9562,282
1.1460,259
0.9954,288
1.1465,272
1.2143,262
1.1912,269
1.1629,265
1.0500,284
1.2569,283
1.2220,267
1.0734,280
1.1136,262
1.0489,278
1.0525,282
1.2172,269
1.1231,268
1.1310,267
1.0666,275
1.1734,263
1.1641,291
1.0647,277
1.2112,264
1.2449,260
1.0107,283
1.1626,272
1.2960,269
1.0554,280
1.0456,283
1.1612,267
1.0920,279
1.1583,265
1.3010,264
1.0127,278
1.1588,267
0.9245,296
0.8747,295
1.1022,276
1.1118,270
1.2330,260
1.1487,271
1.1550,265
0.9554,290
1.2256,268
1.0286,280
1.2827,249
1.2210,264
1.0885,278
1.2739,260
1.2296,256
1.1825,270
1.1998,261
1.1706,276
1.1596,261
1.3397,263
1.0871,274
1.0777,284
1.0578,282
1.2020,269
1.1055,265
1.1132,275
1.1599,275
1.2143,262
1.2690,260
1.1850,278
1.0986,272
1.0704,285
1.0678,275
1.0473,282
1.0114,287
1.0533,279
1.2271,265
1.0456,288
1.2818,254
1.0445,279
1.1078,278
1.1315,272
1.0552,284
1.1994,263
1.1173,277
1.2192,272
1.0532,272
1.1892,272
1.2711,268
1.1828,258
1.0333,273
1.1327,282
1.1506,262
1.2636,263
1.0832,275
1.1532,260
1.0476,289
1.1485,269
1.2367,261
1.0730,285
1.2171,270
0.9264,290
1.1260,261
1.1213,270
1.1895,275
1.1632,271
0.9651,283
1.2075,272
1.0141,283
1.0487,289
0.9986,287
1.1882,283
1.0531,278
1.1317,274
1.1290,270
1.2585,265
1.0820,288
1.0974,275
1.1843,258
1.1753,276
1.1007,273
0.9467,289
1.2488,261
1.1101,280
1.1249,282
1.1901,268
1.1566,280
1.0328,282
1.0792,274
1.0644,269
1.0875,280
1.0891,265
0.9249,282
1.0596,280
1.0916,269
1.0264,282
1.2170,271
1.0596,279
1.0754,274
0.9930,280
1.3066,261
1.1043,287
1.0063,291
1.1362,268
1.0918,276
1.2410,272
1.0546,286
1.1540,260
1.2446,259
1.3006,259
1.2383,258
1.3263,259
1.1243,276
1.1608,269
1.1878,264
1.2238,262
1.1086,271
1.2096,270
1.0576,277
1.0812,272
1.0689,282
1.0843,279
1.1043,280
1.1394,273
1.1414,274
1.0544,277
1.1247,275
1.2055,270
1.0383,285
1.1297,269
1.0344,287
1.1404,276
1.1526,267
1.1154,279
1.0947,269
1.1505,285
1.1399,279
1.1799,273
1.1642,280
1.2425,265
1.1737,273
1.2264,269
1.2634,259
1.2311,266
1.3735,262
1.0714,273
1.1481,273
1.1460,280
1.1080,277
1.0415,289
1.1427,267
1.0644,286
1.0797,285
1.2516,256
1.0360,288
1.0985,275
1.1813,269
1.0200,278
1.0724,287
1.1835,274
1.0828,280
1.1868,280
1.0969,278
1.0830,275
1.0697,274
1.0759,290
1.1032,275
1.0756,264
1.1557,268
1.1792,269
1.0420,284
1.0490,273
1.0001,285
1.0109,286
1.1131,272
1.1597,271
1.2024,258
1.2645,265
1.2318,262
1.0322,288
1.0119,287
1.0957,273
1.2435,267
1.0375,285
1.1744,269
1.1938,269
1.0845,281
1.0847,285
0.8531,294
1.2179,264
1.2643,258
1.1673,278
1.0957,271
1.2833,259
1.1184,278
1.1639,265
1.1333,277
1.1986,271
1.3596,255
1.2741,268
1.1116,286
1.1917,262
0.9554,293
1.2763,260
1.0530,287
1.0624,275
1.3152,267
1.1010,276
0.9166,287
1.0542,270
1.0911,280
0.9635,282
0.9886,288
1.2296,267
1.1479,270
1.2013,280
1.0345,282
1.0167,285
1.1547,261
1.3006,266
1.1852,256
1.0458,285
1.0784,283
1.0522,280
1.0119,280
1.1648,279
1.1233,276
1.2521,272
0.9753,296
1.1121,275
1.1052,283
1.1357,278
1.0528,275
1.2006,259
1.1780,266
1.0883,272
1.1512,276
0.9445,282
1.1049,282
1.2434,270
1.1679,266
1.0158,288
1.2032,273
1.1665,273
1.1374,275
1.1076,276
1.1070,275
1.3341,273
1.1239,275
1.2630,257
1.2082,270
0.8637,291
1.2492,261
1.0456,282
0.9441,287
1.0205,277
1.0722,276
1.1075,280
1.0293,280
1.1909,277
1.3041,263
1.0734,279
1.1068,279
1.1519,273
1.1971,264
1.3289,254
1.0908,275
1.0582,277
1.3627,260
0.9909,275
1.0521,274
1.3104,265
1.3326,251
1.2001,266
1.0851,273
1.1212,274
1.0853,279
1.2873,264
1.2670,259
1.0417,277
1.1277,273
1.2115,265
1.1973,258
1.1939,267
1.2298,277
1.2000,254
1.0595,271
1.0306,270
1.1880,267
1.2492,268
0.9587,285
1.0223,284
1.0649,277
1.2071,264
1.1553,264
1.2642,262
1.2404,270
1.0762,285
1.0017,289
1.1351,281
1.0661,276
1.0286,283
1.1829,275
1.0621,281
1.1315,268
1.2158,270
1.0203,276
1.1177,281
1.1952,276
1.1124,273
1.0848,272
1.1368,283
1.2948,267
0.9936,266
1.0546,283
1.0074,272
1.0786,262
1.0778,280
1.0955,276
1.2641,266
1.1888,277
1.1216,285
1.0699,279
1.1723,270
1.0451,280
0.9140,289
1.2328,265
1.0443,291
1.2319,272
1.1073,277
1.1651,270
1.0583,284
1.0680,270
1.1368,274
0.9530,279
1.1722,264
1.1539,271
1.2329,271
1.1575,275
1.3041,262
1.1138,285
1.0470,287
1.1509,271
1.2137,268
1.1478,277
1.0189,284
1.1140,273
1.0415,283
1.2094,263
1.1720,276
1.3114,274
1.0928,270
1.0464,281
1.1028,266
1.0211,283
1.1194,271
1.0898,278
1.0321,277
1.1743,275
1.1566,283
1.0165,282
1.0872,279
1.1189,267
1.1392,269
0.9848,275
0.9632,306
1.0075,281
1.1689,273
1.3137,256
1.0605,277
1.2858,268
1.0961,273
1.2067,261
1.0876,282
0.9987,274
1.2048,261
1.2064,263
0.9515,281
1.2526,267
1.1438,269
1.0998,282
1.0031,283
1.2245,275
1.1129,277
1.1277,281
1.1419,282
1.1414,274
1.0915,275
1.1625,272
1.0022,291
0.9038,292
1.2067,275
1.2848,262
1.2790,260
1.0567,281
1.1428,274
1.0746,275
1.1732,277
1.1628,264
1.0760,284
1.1122,269
1.1035,274
1.0863,279
1.1025,275
1.0060,285
1.1727,267
1.0927,277
1.0980,279
1.2740,267
1.1427,272
1.1302,267
1.1346,276
1.0995,271
1.1464,265
1.1528,282
0.9136,292
1.0956,278
1.0420,285
1.3064,264
1.0230,276
1.2618,266
1.0496,287
1.1129,276
1.2680,267
1.1782,274
1.0786,268
1.2060,271
1.1841,263
1.2641,267
1.0778,278
1.0463,288
1.0588,284
1.1840,265
1.3391,250
1.2124,269
1.0339,287
1.0038,281
1.1214,275
1.1398,278
1.2024,263
1.0804,279
0.9764,274
1.0747,280
1.1864,277
1.1285,284
1.1162,278
1.1419,266
1.1644,273
1.0259,286
1.2237,271
1.1298,264
1.2258,261
1.0788,278
1.0703,260
1.1211,272
1.1560,267
1.1731,279
1.0468,282
1.1460,273
1.2061,280
1.1399,271
1.1574,274
1.1128,281
1.1229,273
1.3864,255
1.0721,266
1.0869,276
1.0240,289
1.2937,265
0.9112,292
1.2533,258
1.0393,280
0.9441,277
1.1302,287
1.2006,269
1.0970,273
1.1912,264
1.1833,274
1.1677,271
1.1503,271
1.1406,266
0.9681,280
1.1225,279
1.1329,270
1.0936,279
1.2373,259
1.1521,268
1.3275,265
1.2067,274
1.0269,281
1.2550,268
1.4242,253
1.1651,267
1.1542,269
1.0337,289
1.2292,273
1.0498,273
1.1552,268
1.1340,280
1.1727,271
1.2538,265
1.1539,287
1.3264,257
1.1492,276
1.0495,291
1.1907,274
1.1957,264
1.1070,275
1.0265,269
1.1688,277
1.2159,263
1.0658,271
1.3151,267
1.0391,280
1.1478,276
1.1823,288
1.0738,280
0.9853,282
0.9807,284
1.1057,269
1.1971,254
0.9273,291
1.1038,273
1.1433,279
1.3641,258
1.1469,280
1.0070,283
1.0575,288
1.0023,278
1.0320,283
1.2431,259
1.1197,277
1.1016,283
1.2454,255
1.1234,266
1.1351,270
1.2397,270
1.0594,283
1.1809,271
1.2863,261
1.1637,276
1.1714,276
1.0025,271
1.1305,273
1.1542,276
0.9808,281
1.1790,271
1.1517,273
1.2718,262
1.1020,283
1.3552,256
1.1492,269
1.2035,273
1.1210,274
1.1887,262
1.2884,276
1.0400,272
1.0078,278
1.0963,274
1.0472,270
1.1428,282
1.0970,278
1.0984,280
0.9802,276
1.0501,282
1.1113,279
1.1439,268
1.1031,266
1.1167,279
0.9801,294
1.0315,285
0.8729,291
1.1463,281
1.0062,276
1.1672,268
0.9313,296
1.1804,282
1.1055,274
1.0631,286
0.9461,294
1.0872,275
1.1550,271
1.2210,268
1.1567,279
1.0407,290
1.2135,278
1.0336,288
1.0979,281
1.2258,267
1.1862,286
1.1957,274
1.0121,287
1.1335,268
1.3250,261
1.0290,291
1.2847,268
1.2267,269
1.0746,277
1.2161,261
1.1779,275
1.1980,265
1.1735,279
1.0158,278
1.1068,274
1.0400,280
1.0265,281
1.2944,268
1.1383,280
1.1367,282
1.1918,272
1.1785,272
1.3263,261
1.1030,274
1.1150,262
1.0215,283
0.9219,298
1.2149,270
1.0929,280
0.8505,300
1.0203,284
1.1280,272
1.1171,279
1.1054,266
1.2214,261
1.0562,275
1.0497,276
1.0273,291
1.0741,276
1.0498,281
1.1593,284
1.0528,283
0.9847,293
1.1626,275
1.1681,264
1.0338,287
1.1816,267
1.1963,265
1.2251,264
1.0454,279
1.1529,271
1.2650,264
0.8887,291
1.2627,257
1.0720,292
1.1152,277
1.1920,273
1.1762,268
1.0189,285
1.2940,258
1.2516,261
1.2267,270
1.1583,280
1.0843,273
1.0916,282
1.0842,278
1.0990,276
0.8981,298
1.0636,285
1.2719,274
1.2416,268
1.0435,280
1.0677,271
1.1702,273
1.2313,277
1.1322,280
1.2935,255
1.1133,273
1.1983,270
0.9468,294
1.2148,263
1.1266,268
1.3174,268
1.0922,281
1.1323,283
1.0691,283
1.0699,279
1.1123,277
1.0582,284
1.1062,272
1.2604,255
1.0403,274
1.1873,261
1.0955,278
0.9972,287
1.2435,273
1.1074,277
1.1336,280
1.0594,292
1.2394,269
1.1444,281
1.2272,272
1.0654,282
1.0546,288
1.1969,279
1.0802,281
0.9904,287
1.0781,281
1.1284,282
1.2290,271
1.0090,283
1.0203,287
1.1616,268
1.1661,262
1.1750,281
1.0506,282
1.1306,281
1.1936,273
1.0970,274
1.0328,288
1.0955,281
1.1577,278
1.1505,270
1.1905,281
0.9972,287
1.0755,276
1.0148,273
1.0321,267
1.2895,257
1.2630,247
1.0920,272
1.3198,264
1.0665,271
1.2106,277
1.1133,276
1.1091,279
1.2105,268
1.1974,273
1.3337,268
1.2391,263
0.9721,298
1.1138,284
1.0417,282
1.1257,272
1.2182,262
1.2248,272
1.2299,270
1.2030,254
1.4143,251
1.0747,285
1.0880,290
0.9980,290
1.2503,258
1.0758,284
1.0938,277
1.2551,270
1.1361,273
1.1813,270
1.0506,277
1.2710,274
1.0279,284
1.2901,256
1.3076,276
1.2819,271
1.2699,271
1.3300,262
1.3147,260
1.1359,281
1.2024,265
1.3585,260
1.1634,265
1.1504,283
1.1853,268
1.2186,271
1.0888,278
1.0400,286
1.1857,279
1.1007,269
1.1535,274
1.1220,268
1.1241,270
1.1465,285
1.1335,275
1.3587,261
1.0723,278
1.1437,272
1.1117,278
1.1793,265
1.1678,283
1.1924,277
1.3001,259
1.0693,285
1.0772,277
1.2006,267
1.2214,265
1.0233,284
1.0725,279
1.2756,269
1.1027,277
1.3198,269
1.2035,262
1.0768,278
1.2099,268
1.0025,288
1.1098,282
1.0946,290
1.2069,266
0.9640,290
1.0500,276
1.0512,279
1.0151,282
1.2255,272
1.1004,284
1.0172,276
1.1812,271
1.1644,275
1.0797,284
1.1883,284
0.9668,300
1.2371,277
1.0886,278
1.0315,284
0.9595,283
1.1142,285
0.9314,296
1.2569,269
1.0874,279
1.3015,268
1.0697,282
1.0224,281
1.1928,268
1.0861,293
0.9046,297
1.1987,275
1.1857,273
0.9375,297
1.3355,270
1.1861,267
1.0357,285
1.2862,265
1.3136,269
1.1538,278
1.2299,273
1.1419,266
1.3255,265
1.0739,294
1.2192,269
1.1846,272
1.0675,281
1.0774,286
1.2009,267
1.0451,286
0.9476,284
1.0911,281
1.0429,291
0.9554,287
1.1540,276
1.1605,282
1.1714,281
1.0738,281
1.1347,289
1.1987,275
1.2429,265
0.9785,298
1.0110,291
1.2390,273
1.1769,268
1.1731,278
1.1656,277
1.0863,284
0.9479,289
1.1044,275
1.0192,282
1.0827,274
1.0112,287
1.0409,293
1.0157,286
1.1668,282
1.0841,273
1.0445,277
1.1013,281
1.1498,268
1.0930,272
1.0378,279
1.0800,287
1.2344,290
1.1458,273
1.2058,270
1.0596,287
1.0677,287
1.1806,268
1.0756,286
0.9115,290
1.2464,270
1.3208,277
0.9941,296
1.2584,266
1.1024,277
1.0292,273
1.3525,266
1.0494,285
1.2465,271
1.3545,252
0.9606,285
1.1266,288
1.0411,288
1.2019,270
1.0611,288
1.1565,266
1.0325,286
1.0015,282
1.1722,281
1.2253,267
0.9833,292
1.0520,274
1.0255,284
1.0737,274
1.1666,277
1.1991,277
1.0127,285
1.2371,274
1.0612,286
1.2782,266
1.1098,269
1.1474,277
1.0564,274
1.2187,272
1.1810,271
1.0958,285
1.1081,288
1.0159,281
1.1966,267
1.0893,271
1.1675,279
1.0195,285
1.2144,268
1.1203,272
0.9342,300
1.2306,256
1.1172,277
1.2240,272
1.1751,277
1.1177,270
1.0514,282
1.2387,276
1.1136,269
1.1162,281
1.2032,262
1.2195,280
1.1002,276
1.1063,277
1.0995,275
1.0461,291
1.0981,285
0.9578,290
1.1468,277
0.9162,294
0.9621,288
1.1237,278
1.0709,279
1.2568,266
1.1189,270
1.1867,273
1.1152,278
1.0273,283
1.1664,266
1.0962,281
1.2525,275
1.1316,271
1.1853,260
0.9727,284
1.1815,283
1.0721,270
0.9742,284
1.1295,280
1.0562,279
1.2056,268
1.0796,274
1.0338,281
1.1651,269
1.0832,289
1.1442,274
1.0408,287
1.0922,281
1.2008,267
1.1752,268
1.0219,274
1.1044,287
0.9203,293
1.1898,273
1.1098,271
1.1933,270
1.0678,288
1.0339,281
1.3156,272
1.1805,273
1.3122,258
1.0872,278
1.1773,264
1.1104,271
1.1554,275
1.1090,276
1.2884,264
1.0606,286
1.0849,287
1.2074,277
1.1269,280
1.0831,289
1.0853,277
1.0011,289
1.2372,274
1.1025,276
1.0142,284
0.9974,279
1.0453,288
1.1581,267
1.1380,279
1.1069,275
1.1540,269
1.0067,288
1.1173,285
1.1187,265
1.0964,273
1.1980,265
1.0691,279
1.0516,284
1.2008,264
1.1271,282
0.9770,285
1.2412,272
1.0597,268
1.3070,266
1.1484,269
1.2297,275
1.1543,269
1.2138,277
1.1437,270
1.0770,295
0.9365,293
1.1084,272
1.1119,288
1.2927,267
1.2189,280
1.1438,282
1.1979,278
1.1067,281
1.0291,279
1.0872,284
1.0944,278
1.0557,280
0.9857,296
1.0439,270
1.1429,266
1.1290,284
1.1675,271
1.1377,273
1.0914,280
1.0704,277
0.8636,294
1.1679,268
1.3595,268
1.0803,282
1.2177,264
1.1514,272
1.0894,282
1.0906,278
1.0800,282
1.0433,277
1.1549,277
0.9303,288
1.1382,266
0.9656,296
1.0061,280
1.2359,271
0.9599,282
1.1111,273
1.4069,255
1.2737,272
1.0184,287
1.0788,276
1.0714,275
1.0244,292
1.1103,285
1.1426,271
1.1303,275
0.9872,279
1.0792,279
1.0315,272
1.1532,273
1.2742,277
1.1973,280
1.1175,278
1.0990,275
1.1847,269
1.1128,280
1.0961,273
1.0713,279
1.0363,285
1.1271,272
1.0515,277
1.2530,281
0.9984,280
1.1406,276
1.0682,272
0.9618,283
1.1507,291
0.9860,285
1.0362,288
0.9795,292
1.0561,289
1.0638,272
1.1697,269
1.0530,286
0.9295,295
1.1554,272
1.0634,280
1.0722,289
1.0968,273
1.0218,282
1.0086,283
0.9824,290
1.1135,273
0.9840,291
1.1284,278
1.1863,273
0.9462,303
1.1546,258
0.9784,285
0.9537,284
1.1492,265
1.1269,270
1.1770,283
1.0681,279
1.1067,279
1.1476,261
1.0906,279
0.9619,289
0.9808,290
1.1548,271
1.0906,280
0.9727,283
1.1403,272
1.1877,270
1.2555,263
1.0192,277
1.2323,271
1.1649,270
1.1628,276
1.1211,277
1.0986,277
1.0724,276
1.0585,278
0.9027,298
1.0770,285
1.1245,276
1.0392,289
1.1413,278
1.2309,268
0.9685,286
1.2028,278
1.1725,276
1.1929,274
1.0346,282
1.2461,273
1.0663,279
1.2196,273
0.9994,283
1.1281,287
1.2331,275
1.2527,269
1.1061,273
1.2173,268
1.0082,287
1.0713,282
1.1356,273
1.2022,268
1.1924,273
1.0577,280
1.0643,292
0.9995,287
1.1486,272
1.1131,277
1.1758,271
1.0574,271
0.8830,291
1.1723,273
1.2061,277
1.2511,266
1.1675,282
1.0481,287
1.2252,270
0.9768,289
1.1037,270
1.1455,276
1.2787,262
1.1927,271
1.1879,270
1.1021,278
1.0593,278
1.0414,289
1.3352,266
1.1049,264
1.3479,268
1.2440,268
1.1577,277
1.2513,277
1.2458,274
0.9885,289
1.0524,278
1.0992,277
1.0500,280
1.1816,269
1.0488,285
1.0464,277
1.0446,286
0.9142,288
1.0716,288
1.0695,289
1.1540,274
1.1199,271
1.0676,286
1.1092,277
1.1130,276
1.1392,284
1.0009,295
1.1262,277
0.9086,289
1.0437,284
1.1455,276
1.2195,272
1.1977,275
1.2507,272
1.1347,287
1.0116,299
1.2284,276
1.0850,266
1.0271,286
1.1141,279
1.1323,270
1.0682,279
1.0376,284
1.0759,277
1.2485,258
0.9649,288
1.1626,284
1.1845,286
1.2185,273
0.9335,286
1.0834,277
1.1053,273
1.1580,277
1.0920,283
1.1754,272
1.2423,275
1.1831,274
1.1516,287
1.1521,285
1.1095,284
1.1588,271
1.1156,276
1.1608,283
1.1524,274
1.2043,275
1.2297,276
1.1023,286
1.1236,268
0.9611,291
1.1210,269
1.1438,254
1.2359,266
1.1361,281
1.1986,270
1.2019,272
1.1984,267
1.2629,269
1.0939,275
1.2816,258
1.3543,272
1.1639,282
1.2364,253
1.2188,261
1.1125,272
1.2726,271
1.0483,285
1.1628,277
1.1056,269
1.0131,281
1.1784,275
1.1572,285
1.1256,279
0.9916,269
1.2224,269
1.2563,264
1.2145,264
1.2167,259
1.2410,267
1.1116,283
1.1214,278
1.0772,276
1.1694,275
1.1341,283
1.1403,277
0.9752,287
1.1411,276
1.0468,275
1.0827,292
1.2276,267
1.0648,274
1.1075,276
1.1173,276
1.0936,282
0.9670,279
1.0854,281
1.1508,277
1.0599,279
1.0644,282
1.1587,278
1.1666,270
1.1497,274
1.1192,280
1.1896,280
1.1399,276
1.0621,275
1.0878,282
1.2005,266
1.0584,281
0.9984,285
1.0990,289
1.1987,290
1.1490,286
0.9971,283
1.1830,282
1.3230,262
0.9973,269
1.1448,273
1.2028,276
1.0787,279
1.0347,282
1.1453,258
1.1560,276
1.1905,286
1.1020,287
1.0704,277
1.2591,259
1.1007,277
1.2212,278
0.9572,292
1.1241,275
1.1750,274
1.2338,273
1.0728,275
0.9960,291
1.0840,273
1.1835,279
1.2128,267
1.2368,270
1.1017,259
1.0758,288
1.1409,274
0.9903,287
1.1475,270
0.9646,287
1.1695,283
1.0614,276
1.2643,269
1.0572,278
1.1164,276
1.1143,270
1.2762,263
1.0098,289
1.0943,276
1.1099,282
1.1138,281
1.1328,276
1.1021,279
1.0601,286
1.2876,266
1.2197,271
1.0192,273
1.2278,266
1.1926,264
0.9099,301
1.2904,267
1.2188,277
0.9517,293
1.0431,294
1.2185,279
1.2379,277
1.2861,262
1.1233,274
1.0562,284
1.1576,278
0.9303,288
1.0466,286
1.0727,292
1.0419,292
1.2527,270
0.9735,287
1.2719,269
1.1609,275
1.0610,281
1.1952,274
1.0508,287
1.0982,276
1.2261,276
1.2433,274
1.2866,267
1.1216,284
1.2442,268
1.2624,267
1.2906,269
1.1480,273
1.1233,286
1.2683,279
1.2177,269
1.0341,286
0.9747,290
0.9691,292
1.0371,287
1.1292,275
1.1558,261
1.1171,283
0.9870,283
1.0075,278
1.1446,277
1.1348,281
1.0220,279
1.2592,260
1.0513,281
0.9871,292
1.2412,261
1.1964,270
1.2119,276
1.1415,279
1.1526,274
1.2600,271
1.0987,278
1.1923,274
0.9909,293
1.2265,275
1.1334,269
1.0558,286
1.1121,280
0.9654,292
1.3128,259
1.0290,284
1.1792,287
1.3437,274
1.0297,287
1.0928,284
1.1297,281
1.0270,291
1.0177,288
1.1392,278
1.2256,275
1.3016,270
1.2305,268
1.2560,271
1.1590,281
1.1550,277
1.2443,272
1.2203,271
1.1833,262
1.2285,266
1.0760,272
1.1473,275
1.3259,262
1.3578,266
1.3104,277
1.3821,260
1.0586,295
1.1521,264
1.2815,273
1.1029,277
1.2451,273
1.1495,280
1.0317,282
1.2503,272
1.1667,280
1.1900,272
1.3130,269
1.1995,274
1.0115,288
1.1732,270
1.1773,281
1.1927,276
1.1080,292
1.0214,277
1.2293,265
1.1568,266
1.2444,279
0.9995,294
1.2913,270
1.1212,280
0.9649,295
1.1373,284
1.1527,278
1.1421,277
1.0715,273
1.0549,283
0.8578,295
1.1610,265
1.0534,288
1.0858,293
0.9146,301
1.0846,289
1.0156,292
1.0505,280
1.2093,279
1.1872,268
1.2148,263
0.7971,305
1.0121,295
1.1767,279
1.0227,283
1.0798,284
1.0426,298
1.0837,279
1.1146,284
1.1777,277
1.3852,262
1.0519,274
1.0389,293
1.1389,279
1.2266,276
1.3121,264
1.0718,278
1.1384,274
1.0913,282
1.2183,262
1.0387,288
1.0743,282
1.0933,290
1.2874,264
0.9782,282
1.1766,268
0.9218,293
1.2076,276
0.9334,298
1.1258,299
1.0601,280
1.1693,279
1.2049,275
1.1855,268
1.0975,278
1.1450,277
0.8699,300
1.0869,280
1.1249,273
1.1619,283
1.0462,290
1.0038,284
1.0174,288
1.0002,283
1.0067,287
1.0935,284
1.1061,281
1.0044,295
1.2752,264
1.1475,283
1.0757,271
1.1644,279
0.9616,284
1.0473,284
1.2037,278
1.0714,277
1.1782,266
1.1433,281
1.0791,276
1.1156,280
1.2516,276
1.1108,278
1.0262,291
0.9782,297
1.1632,278
1.2012,271
1.0059,287
1.1012,271
1.1089,284
1.1463,284
1.2526,272
1.1214,280
1.0928,280
1.2093,275
1.2461,275
1.2140,261
1.0416,287
1.1611,270
1.3311,267
1.0644,271
1.2037,276
1.0564,288
1.0388,289
1.1488,283
1.1526,282
1.2709,274
1.2557,274
1.1533,280
1.0655,283
1.0010,284
1.1680,283
1.1578,281
1.1239,276
1.2576,266
1.2890,269
1.3084,262
1.2694,271
1.0981,286
1.0335,284
1.1941,280
1.0242,292
1.1446,273
1.1222,275
1.0277,291
1.0480,282
1.2691,275
1.2147,274
1.2389,266
1.0408,292
1.1620,267
1.0688,295
1.2853,266
1.0298,287
0.9998,281
1.1509,280
0.9622,292
1.0860,271
1.1198,288
1.2293,264
1.1819,283
1.1241,275
1.0548,265
1.0920,278
0.8890,300
1.2118,284
1.0658,281
1.1618,280
1.1956,283
1.3742,256
1.1962,280
1.4057,256
1.1267,281
1.1468,278
0.9716,299
1.2851,278
1.1424,279
1.1162,276
1.1459,273
1.0038,287
1.1525,285
1.1668,280
1.0240,276
1.1378,274
1.1769,283
0.9254,301
1.0897,276
1.1775,272
1.2852,262
1.1649,275
1.1652,276
1.1419,281
1.0768,273
1.1835,270
1.4505,259
1.0591,281
1.1511,278
1.1737,270
0.9566,283
1.0100,285
1.1082,284
1.2160,268
1.0971,279
1.1704,278
1.0694,280
1.2167,263
1.0832,295
1.2774,266
0.9826,297
1.1571,276
1.1810,277
1.1753,276
1.1366,284
1.0639,298
1.1094,277
1.3052,267
1.0417,289
1.1250,275
1.1021,279
1.1823,272
1.1718,275
0.9780,293
1.1143,273
1.4675,262
1.1081,274
1.1530,277
1.0741,288
1.2508,278
1.4423,268
1.1933,278
1.2921,286
1.0834,288
1.1416,272
1.0659,287
1.1525,278
1.2247,280
1.1115,276
1.1967,275
1.0872,274
1.1593,276
1.1038,287
0.9181,299
1.2556,273
1.0873,290
1.0963,282
1.1021,284
1.0565,294
1.0027,291
1.3195,268
1.0810,283
1.0918,293
1.1614,274
1.1548,266
1.0500,286
1.0977,273
1.2073,271
1.1949,269
1.1139,277
1.0444,291
1.1203,282
1.2247,278
1.1014,291
1.3547,274
0.9042,292
1.0828,285
1.0545,273
1.1653,272
1.0756,293
1.1151,273
1.2209,264
1.0232,294
1.0258,295
1.0550,283
0.9705,289
1.1103,270
1.0732,277
1.1714,280
1.3146,275
1.2204,274
1.0371,276
1.2256,277
1.0949,281
1.0400,278
1.0804,283
1.0630,290
1.3150,274
1.2708,273
1.1736,270
1.2836,276
1.2243,275
1.1832,283
1.1995,280
1.1440,286
1.0230,285
1.3316,267
1.3332,273
1.3052,264
1.0813,284
1.1750,276
1.2452,278
1.2327,278
0.9043,298
1.2362,283
1.3000,279
1.0232,292
1.2613,259
1.1273,279
1.1265,281
0.9007,295
1.2949,272
1.1909,276
1.1568,280
1.1557,270
0.9190,299
1.2378,276
1.2167,273
0.9314,295
1.1001,277
0.9710,290
1.0767,287
1.1769,275
1.1892,268
1.3521,264
1.1654,280
1.3425,270
1.0756,288
1.3053,271
1.0663,276
1.2068,281
1.0256,290
1.2142,273
1.1473,284
1.1055,270
1.0467,292
1.1383,275
1.1670,287
1.1566,272
1.0796,289
1.2253,266
1.1368,275
1.1345,275
1.0768,280
1.2838,272
1.3991,263
1.1519,282
1.1195,286
1.3129,266
1.1072,268
1.1608,274
1.1890,281
1.3664,260
1.0785,285
1.1270,285
1.2821,276
1.2140,266
1.0222,290
1.0681,283
1.1147,285
1.4643,261
1.0670,281
1.2425,265
1.1366,283
1.1810,270
1.1037,279
1.0386,282
1.2390,276
1.2037,277
1.1096,277
1.1496,278
1.2811,273
1.1470,283
1.2112,288
1.1761,275
1.2174,274
1.1783,271
1.2270,265
1.2174,272
0.9223,299
1.2407,264
1.0568,286
1.1991,274
1.0768,278
1.1403,280
1.2928,264
1.0756,284
1.1005,279
1.0507,284
1.0586,277
1.1538,265
1.1236,277
1.3405,271
1.2476,266
1.0601,278
1.1841,276
1.1938,281
1.0431,293
1.1153,281
1.1602,275
1.1783,284
1.0714,281
0.9991,292
1.0322,296
1.2048,280
1.0268,291
1.1952,274
1.1867,275
1.2594,282
1.2341,269
1.1643,260
1.2166,274
1.1247,268
0.9796,291
1.2352,271
1.2457,272
1.0758,274
1.1506,276
1.0476,278
1.3026,270
1.2934,261
1.1741,281
1.1194,277
1.1824,285
1.1987,275
1.0670,289
1.1339,267
1.1985,263
1.2407,262
1.1013,279
1.1256,273
1.2988,264
1.2168,274
1.0794,282
1.2074,278
1.2594,271
1.2098,279
1.0292,280
1.1629,282
1.3625,256
1.2519,277
1.1329,284
1.3783,256
1.0719,289
1.2726,270
0.9471,293
1.0407,280
1.0520,283
1.2477,270
1.1806,272
1.1060,281
1.2153,269
1.2163,272
1.0108,285
1.3368,267
1.1727,286
1.2767,267
1.0056,290
1.1339,283
1.1854,274
1.2116,283
1.0895,287
1.1577,280
1.1159,280
1.0494,278
1.1942,264
1.2221,270
1.0140,282
1.0721,289
1.1156,289
1.2703,262
1.1550,266
1.1398,286
1.0212,289
1.1945,271
1.2269,262
1.1356,286
1.0989,275
1.1150,285
1.2386,266
1.1279,275
0.9934,291
1.1941,281
1.3325,273
1.2310,271
1.0283,282
1.0753,283
1.3077,273
1.0439,288
1.2241,270
0.9858,297
1.0945,283
0.9571,286
1.0011,290
1.2381,274
1.1453,283
1.1671,277
1.0689,294
1.1531,275
1.2316,271
1.2273,265
1.2658,273
1.1536,286
1.3109,274
1.0940,283
1.0577,289
1.1532,282
1.2029,276
1.2850,273
1.1511,274
1.2515,269
1.0995,281
1.2336,269
1.2618,272
1.2916,264
1.1312,275
1.1199,285
1.1842,289
1.0893,271
1.1217,286
1.1040,289
1.1453,283
1.0222,293
1.1361,286
1.2877,275
1.0562,289
1.1696,272
0.9500,288
1.1566,274
1.2088,269
1.1838,274
1.2860,272
1.1526,282
1.1773,276
1.2733,264
1.1106,286
1.1321,277
1.0782,289
1.2268,276
1.0266,294
1.2399,270
1.0802,288
1.1404,272
1.1106,286
1.1928,274
1.1521,278
1.1620,285
1.2399,279
1.1479,286
1.4040,264
1.0807,285
1.1076,277
1.2455,283
1.0799,280
1.0280,286
0.9960,284
1.2737,274
1.2280,267
1.1450,282
1.1913,270
1.0563,286
1.2168,277
1.2003,272
1.4563,262
1.0818,274
1.1896,276
0.9808,283
1.4010,274
1.3047,274
1.2783,269
1.0932,290
1.0773,292
1.2584,276
1.0443,284
0.9194,301
1.3350,261
0.9380,299
1.1828,276
1.2854,274
1.1706,290
1.1888,277
0.9514,296
1.0248,286
1.0215,286
1.0186,293
1.0923,287
1.2324,271
1.1778,276
0.9621,294
1.1802,277
1.1073,279
1.2533,282
1.1346,277
1.0215,288
1.1293,284
1.1637,270
1.4130,275
1.1546,280
1.1278,274
1.1082,286
1.0184,282
1.3224,271
1.1830,268
1.0267,283
1.2587,276
0.9862,298
0.9548,293
1.1896,282
1.2159,276
1.2274,274
1.2937,265
1.1066,282
1.1269,279
1.1088,283
1.1824,279
1.2152,282
1.0465,281
1.2380,270
1.1801,275
1.1555,263
1.1663,291
1.2550,260
1.3345,277
1.2318,271
1.2254,274
1.1596,270
1.0673,291
1.1896,287
1.2058,282
1.2674,273
1.1708,286
1.0961,288
1.2067,272
1.0750,291
0.9939,298
1.3025,274
1.2395,271
1.2171,271
1.1439,277
1.0687,281
1.1226,271
1.0669,286
1.2109,270
1.2173,269
1.1131,279
1.1838,274
1.1084,286
1.3058,268
1.0282,273
1.2721,275
1.2430,275
1.1440,281
1.2952,273
1.1729,275
1.0783,283
1.2077,286
1.3269,266
1.3053,263
1.2670,270
1.3288,274
1.3177,274
1.2604,269
1.1476,276
1.2254,275
1.2332,274
1.0846,290
1.1158,283
1.3827,261
1.2301,274
1.2195,263
1.4981,259
1.2125,272
1.1074,275
1.2723,269
1.1538,280
1.0974,282
0.9820,290
1.1790,279
1.1566,291
1.1381,274
1.2808,265
1.1163,285
1.1369,276
1.1705,284
1.2476,269
1.1449,283
1.2682,265
1.1410,276
1.0559,277
1.2378,269
1.1880,276
1.2210,278
1.0664,288
0.9385,296
1.1309,272
1.1515,282
1.0218,279
1.2060,287
1.4005,271
1.2778,281
1.2202,280
1.2533,269
1.1350,280
1.1391,273
1.1169,270
1.0830,284
1.0266,287
1.1816,280
1.1532,287
1.1439,275
1.1141,284
1.0890,274
1.2181,271
0.9877,292
1.1343,286
1.0664,283
1.0735,291
1.0406,285
1.2664,276
1.3903,268
1.0158,287
1.1628,282
1.0627,281
1.2889,274
1.0996,293
1.3658,265
1.0886,284
1.1303,274
1.3663,266
1.1097,281
1.1239,281
1.3024,261
1.2961,263
1.1354,272
1.3069,256
1.1934,275
1.1319,284
1.1524,280
1.2888,272
1.2914,275
1.0962,286
1.0755,281
1.0904,284
1.2348,278
1.2080,289
1.0798,291
1.1802,276
1.1969,273
1.1849,268
1.2044,280
1.3334,277
1.2106,278
1.2221,273
1.2613,278
1.3271,266
1.2380,278
1.1886,276
1.0765,279
1.0051,280
1.0195,285
1.0852,281
1.2530,273
1.0355,285
1.2017,286
1.2123,281
1.1117,285
1.1819,274
1.2815,269
1.1416,285
1.4605,263
1.0522,293
1.2506,279
1.2639,276
1.1461,277
1.1442,285
1.3482,272
1.2403,277
1.2245,278
1.2760,274
1.0642,285
1.1238,272
1.2457,275
1.1546,271
1.1335,279
1.1410,277
1.2076,285
1.3216,278
1.2322,271
1.1884,287
1.2918,261
0.9705,287
1.2066,278
0.9921,285
1.0942,291
1.1449,291
1.2065,269
1.2377,279
1.1933,279
1.2166,273
1.1179,279
1.1354,282
1.2483,282
1.2534,272
1.2884,269
1.1572,284
1.3836,265
1.2179,273
1.1152,278
1.1648,281
1.2951,271
1.1254,279
1.3671,265
1.1761,283
1.2602,273
1.0275,296
1.1710,270
1.0661,282
1.2945,279
1.3151,275
1.2360,285
1.0722,281
1.0947,281
1.1512,272
1.1366,273
1.1872,277
1.0271,277
1.1523,278
1.0735,283
1.0944,290
1.1627,280
1.1940,271
1.0782,273
1.1761,273
1.0401,288
1.1691,281
1.1810,275
1.1560,284
1.2406,261
1.0535,282
1.2326,274
1.1227,280
1.2259,266
1.2150,274
1.0561,292
1.2637,279
1.0182,285
1.2364,275
1.1237,266
1.1393,295
1.2257,272
1.1948,274
1.1550,271
1.2588,277
1.0811,287
1.0917,301
1.0548,279
1.1963,280
1.1131,271
1.2300,263
1.1413,279
1.1425,280
1.1109,286
1.3094,289
1.0468,281
0.9484,296
1.0637,284
1.1947,267
1.0042,296
1.0581,267
1.1702,287
1.3365,261
1.2641,282
1.0889,278
1.1525,278
1.1676,285
1.1551,287
1.1760,269
1.2310,277
1.1608,272
1.0833,281
1.0877,291
1.0066,288
1.1709,275
1.0224,284
1.2615,276
0.9484,293
1.2046,265
1.2786,269
1.2080,266
1.0831,280
1.1835,277
1.1159,276
1.2905,273
1.0499,288
1.4652,266
1.2154,276
0.9984,283
1.1832,274
1.0541,293
1.0545,292
1.1441,277
1.2476,271
1.1484,270
1.1060,281
1.3236,282
1.2961,278
1.2743,276
1.3138,273
1.1164,289
1.1439,280
1.2630,261
1.1528,291
1.0463,292
1.3492,273
1.0167,297
1.3542,271
1.2413,273
1.2717,270
1.2273,270
1.4626,272
1.0939,287
1.1790,268
1.1411,278
1.1780,286
1.2187,286
1.1459,282
1.0603,283
1.1466,278
1.1557,275
1.2116,271
1.2896,264
1.0806,289
1.0539,293
1.0810,284
1.0208,283
1.2179,267
1.1002,278
1.2068,275
1.1950,274
0.9776,280
1.0565,288
1.2191,294
1.0473,295
1.0571,288
1.1678,277
1.1859,266
1.0789,276
1.2104,283
0.9932,284
1.3828,268
0.9650,288
1.0981,280
1.1840,275
1.1071,278
1.2637,287
1.0657,288
1.2250,279
1.1534,277
1.2004,286
1.1952,283
1.0932,285
1.2854,270
1.3045,283
1.0516,283
1.1652,277
1.0266,284
1.3346,272
1.0650,285
1.0866,285
1.3346,269
1.2804,281
1.2219,284
1.0780,276
1.4029,259
1.2282,271
1.1243,298
1.1783,279
1.3455,275
1.1946,289
1.3816,269
1.1449,275
1.0945,289
1.1809,264
1.1604,282
1.1459,282
1.0578,280
1.0476,290
1.2125,283
0.9928,285
1.3561,277
1.1809,291
1.0933,283
1.2766,274
1.3513,277
1.1534,272
1.0021,288
1.1805,274
1.2924,273
1.1414,281
1.0288,290
1.0267,286
1.3443,276
1.0634,275
1.1928,285
0.9610,293
1.1100,285
1.2628,273
1.2058,277
1.2331,288
1.1998,284
1.4376,260
1.1402,275
1.2795,275
1.1752,280
1.0570,296
1.1795,276
1.1178,278
1.1726,284
1.2061,275
1.3480,275
1.1671,266
1.0772,276
1.2122,279
1.2695,276
1.2203,275
1.3358,272
1.0846,286
1.1773,281
1.1403,284
1.2712,280
1.1929,279
1.1309,273
1.0716,288
1.2374,261
1.0404,286
1.0636,290
1.2765,279
1.2064,273
0.9989,283
1.0869,281
1.0338,299
1.1684,277
1.1064,282
1.0278,285
1.2199,271
1.2508,277
1.0279,290
1.1956,285
1.1899,278
1.1695,285
1.2376,283
1.1236,281
1.3307,266
1.1851,278
1.1272,288
1.1214,289
1.2968,276
1.1137,273
1.1951,276
1.2172,282
1.4791,270
1.1800,272
1.1806,276
1.3064,278
1.2762,278
1.2991,274
1.3360,265
1.2300,269
0.8909,296
1.0194,282
1.0874,281
1.2382,280
1.1747,278
1.0446,278
1.2630,288
1.2551,277
1.0732,286
1.1819,292
1.0481,288
1.1116,281
1.1205,282
1.0671,277
1.1608,277
1.1985,275
1.1689,287
1.1504,286
1.1314,283
1.2007,278
1.2407,280
0.9632,289
1.3925,277
0.9340,299
1.0640,279
1.2339,271
1.0910,286
1.0806,284
1.1998,273
1.2017,257
1.2013,273
1.1537,269
1.2211,266
1.0978,276
0.9491,290
1.2862,276
1.1782,277
1.1828,266
1.0292,288
1.1870,279
1.1667,284
0.9662,279
1.2044,288
1.3146,262
1.2930,279
1.1529,292
1.2007,272
1.2077,284
1.3078,274
1.3435,254
1.1812,290
1.3000,270
1.2630,284
1.0663,288
1.2760,275
1.3861,265
1.3154,273
1.0816,292
1.2813,280
1.4078,277
0.9812,294
1.0851,285
1.5191,257
1.1070,280
1.3691,274
1.2002,270
1.0202,287
1.2452,278
0.9221,301
1.2399,259
1.1368,272
1.0304,294
1.3573,273
1.1600,280
0.9930,290
1.1807,273
1.0683,271
1.2438,267
1.5342,263
1.1635,265
1.1137,285
1.3914,264
1.3171,287
1.3522,274
1.1601,282
1.2114,284
1.1540,276
1.2641,275
1.2206,265
1.1007,287
1.2940,276
1.0660,291
1.1128,274
1.1183,281
1.2635,274
1.1449,283
1.2203,269
1.2228,271
1.0335,294
1.2798,273
1.2706,274
1.0892,286
1.2200,277
1.2437,273
1.2748,263
1.1387,283
1.3518,274
1.0179,284
1.0698,280
1.2252,274
1.0043,295
1.1749,272
1.3842,265
1.0727,279
1.1476,278
1.0797,277
1.1536,281
1.1703,276
1.0870,286
1.2948,264
1.1532,286
1.2834,265
1.1739,283
1.2523,281
1.1317,277
1.1957,279
1.3776,271
1.2280,267
1.1523,295
1.4916,259
1.3451,263
1.2448,274
1.1754,270
1.1935,287
1.1500,283
1.3585,255
1.2345,273
1.2439,281
1.1996,283
1.0651,280
1.0656,285
1.3600,276
1.0991,275
1.3123,278
1.0227,279
1.2292,282
1.1625,283
1.1906,273
1.2064,269
1.2404,280
1.2008,268
1.1630,274
1.2163,267
1.1443,279
1.1492,274
1.0970,283
1.1474,273
1.0912,287
1.0740,292
1.2232,260
1.2341,267
1.1373,278
1.1612,277
1.1172,284
1.1360,287
1.1307,284
1.2861,258
1.1846,279
1.1902,278
1.1810,274
1.0294,284
1.0740,281
1.0580,279
1.0822,276
1.1439,273
1.0736,290
1.3483,270
1.0710,294
1.2485,267
0.9794,303
1.1739,273
1.0921,286
1.0655,279
1.2558,281
1.0136,281
1.2582,272
1.3099,285
1.3143,276
1.0947,288
1.1582,272
1.0071,286
1.1505,277
1.3204,261
1.1710,283
1.1290,290
1.2465,273
1.1927,276
1.0972,281
1.1120,290
1.1036,289
1.1503,274
1.2392,277
1.1611,286
1.1537,274
1.3047,267
1.1922,273
1.2638,267
1.2835,277
1.1650,286
1.1872,281
1.2810,264
1.1792,290
1.0160,288
1.0728,287
1.1525,275
1.1916,283
1.0132,295
1.2128,272
1.2105,278
1.2259,270
1.1852,277
1.2507,273
1.0779,298
1.0701,288
1.1125,284
1.2680,274
1.1555,278
1.1700,293
1.1898,267
1.2205,285
1.1650,286
1.1910,284
1.1822,278
1.2252,269
0.9597,288
0.9750,290
1.4290,276
1.3852,263
1.0701,291
1.3206,271
1.0127,293
1.1041,277
1.0466,289
1.3581,277
1.3104,263
1.2392,269
1.2937,268
1.1697,294
1.0845,286
1.2320,276
1.3648,272
1.0439,284
1.2370,268
1.1843,281
1.1302,292
1.1471,289
1.3098,274
1.1668,277
1.1790,289
1.3162,273
1.2224,276
1.2144,286
1.0719,289
1.0705,288
1.0364,279
1.0814,282
1.1111,280
1.1959,287
1.1091,285
0.8499,290
1.1477,282
1.0972,287
0.9913,289
1.1076,283
1.3436,278
1.0476,286
1.1416,281
1.0611,277
1.1538,280
1.0869,277
1.2362,263
1.0163,281
1.1982,281
1.2785,270
0.9900,291
1.2838,272
1.2657,271
1.1066,291
1.0179,285
1.2702,271
1.2477,283
1.1923,277
1.1185,280
1.3536,280
1.2169,278
1.0615,282
1.0675,281
1.1638,283
1.1258,290
0.9986,289
1.0007,287
1.2283,267
1.4415,260
1.0967,288
1.1888,275
1.0822,281
1.3530,257
0.9438,290
1.2173,279
1.0034,288
1.1042,298
1.0878,293
1.0895,292
1.0624,276
1.3376,275
1.2105,275
1.1353,279
1.1384,279
1.0836,289
1.0651,278
1.2035,280
1.5320,266
1.1085,290
1.1957,290
1.1399,278
1.2724,286
1.2242,278
1.2139,268
1.0950,278
1.1998,279
1.2120,278
1.3862,273
1.2268,281
1.3523,269
1.2603,286
1.3293,271
1.2876,269
1.0900,273
1.0773,290
1.1659,292
1.2028,280
1.2641,270
1.0899,289
1.1262,282
1.1553,280
1.1996,279
1.2012,267
1.0678,291
1.1945,261
1.0490,282
1.1511,283
1.1888,289
0.9805,294
0.9868,292
1.1062,281
1.3765,270
1.0876,284
1.0821,282
1.2427,276
1.2387,261
1.3111,271
1.3274,269
1.3243,266
1.0952,283
1.0981,283
1.1875,275
1.2755,281
1.0812,283
1.2217,273
1.0485,296
1.2917,272
1.1902,281
1.1191,285
1.2990,279
1.0596,277
1.1853,268
1.0446,289
1.2213,278
1.2844,265
1.2766,282
1.2301,283
1.1507,279
1.1914,276
1.1774,288
1.1982,271
1.1315,292
1.1674,266
1.1460,290
1.3248,263
1.2070,271
1.1719,274
1.2253,274
1.2098,281
1.0427,289
1.2531,271
1.2341,274
1.3848,267
1.1735,277
1.1586,267
1.2292,268
0.8382,292
1.1387,294
1.1186,287
1.0084,295
1.1517,285
1.1757,265
1.1919,280
1.3899,283
1.2774,265
1.4064,275
1.4237,283
1.0493,288
1.2425,268
1.2220,271
1.2085,276
1.2255,278
1.2808,262
1.0020,299
1.3199,276
1.1664,278
1.2731,276
1.1291,282
1.0952,277
1.3995,272
1.1344,285
1.2774,274
1.2886,271
1.3438,274
1.2296,273
1.0951,286
1.1455,273
0.9977,291
1.1565,263
1.1853,279
1.1959,282
1.0482,288
1.2069,279
1.1621,267
1.2391,287
1.1687,282
1.1950,278
1.2470,274
1.2996,277
1.3474,268
1.1119,295
1.0934,282
1.1525,277
1.2724,270
1.2009,286
1.2593,276
1.2464,291
1.1163,282
1.2962,275
1.2062,276
1.1855,284
1.1875,283
1.0632,285
1.0801,284
1.1087,291
1.0497,295
1.1200,280
0.9954,283
1.2306,280
1.3343,270
1.1076,287
1.1404,285
1.0244,274
1.1481,274
1.3709,267
1.0582,277
1.4258,286
1.3094,259
1.1490,287
1.2044,280
1.1426,285
1.2390,275
1.4385,272
1.2685,279
1.2383,276
1.1117,278
1.1493,277
1.1338,291
1.0526,290
1.0591,287
1.2145,273
1.1269,287
1.0001,283
1.1739,280
1.1013,282
1.2167,280
1.0542,281
1.2578,288
1.0792,287
1.3565,282
1.2025,282
1.0123,296
1.2650,277
1.3298,279
0.9680,292
1.0983,275
1.2332,285
1.1300,286
1.0847,287
1.2093,276
1.1154,284
1.1439,276
1.3992,268
1.4535,275
1.1978,275
1.1200,267
1.3507,266
1.1162,272
1.0243,293
1.0818,286
1.0210,289
1.0707,281
1.1334,292
1.3710,274
1.2011,269
1.0519,288
1.0500,289
0.9877,295
1.2050,272
1.0107,290
1.1223,272
1.1435,288
1.2107,275
1.2796,267
1.0008,290
1.0624,284
1.1420,292
1.1947,280
1.1494,294
1.1851,276
1.3053,266
1.1857,278
1.2172,278
1.2060,276
1.3732,249
1.2210,279
1.2035,278
1.0810,291
1.1847,287
1.2037,284
1.0375,292
1.1402,274
1.0816,276
1.2761,278
1.3775,269
1.1921,273
1.3728,269
1.1658,282
1.0756,286
1.1023,302
1.2715,265
1.5690,249
1.0281,284
1.1216,284
1.4665,273
1.2145,291
1.1020,287
1.2369,274
1.2118,270
1.0049,295
1.2259,284
1.2253,272
1.2283,272
1.1701,295
1.2319,276
1.0655,281
1.2089,283
1.2868,265
1.2470,271
1.3294,275
1.1494,284
1.2049,272
1.2865,279
1.2036,277
1.2481,283
1.3627,280
1.2031,283
1.3713,271
1.2518,276
1.1192,286
1.3180,269
1.1683,278
1.2647,279
1.2658,279
1.0564,281
1.2537,288
1.2166,272
1.0800,276
1.4735,273
1.1917,286
1.0379,283
0.9924,292
0.9520,292
1.1883,272
1.0160,292
1.0240,293
1.1694,281
1.1542,285
1.1971,278
1.5377,254
1.4308,266
1.3731,264
1.0722,275
1.1833,280
1.1425,282
1.2881,272
1.0502,283
1.2233,283
1.3244,271
1.3998,254
1.1637,289
1.0457,285
1.3798,266
1.1595,280
1.3261,279
1.3064,276
1.3404,269
1.2035,279
1.1619,283
1.2407,273
1.1027,275
1.1202,288
1.0572,285
1.1002,275
1.0923,281
1.1940,287
1.2396,273
1.0139,288
1.0715,289
1.2305,268
1.0748,290
0.9960,289
1.1565,274
1.2745,270
1.0226,291
1.0362,296
1.1833,274
1.2170,290
1.3364,270
1.1933,277
1.0752,296
1.0698,291
1.1621,283
1.1866,281
1.2305,276
1.1343,277
1.1059,285
1.1787,287
1.1527,296
1.0509,282
1.2228,280
1.3308,261
1.0028,299
1.2066,269
1.1464,284
1.2620,271
1.2167,285
1.2361,268
1.1507,288
1.1263,275
1.1706,282
1.4070,256
0.9941,291
1.3809,263
1.2561,277
1.1255,275
1.1782,265
1.0715,294
0.9895,292
1.2090,277
1.2036,278
1.1402,280
1.0122,288
1.1880,283
1.3901,257
1.1493,293
0.9405,285
1.4778,270
1.1724,284
1.1030,280
1.1238,285
1.5553,259
1.3200,277
1.2989,275
1.3628,275
1.1238,281
1.1485,284
1.1798,280
1.0425,287
1.1480,272
1.2444,267
1.2261,277
1.1068,290
1.2183,275
1.3615,276
1.2341,274
1.1583,277
1.0379,284
1.1079,288
1.1896,288
1.1763,279
1.2149,276
1.1421,289
1.1577,289
1.0200,284
1.2632,264
1.2455,273
0.9695,297
1.2353,273
1.2301,277
1.1066,274
1.2790,271
1.3452,279
1.1758,278
1.1886,271
1.0588,277
1.0560,286
1.2188,281
1.2051,286
1.2954,272
1.2069,275
1.1391,279
0.9716,294
1.1831,274
1.1517,278
1.2240,285
1.2168,286
1.0523,279
1.3167,271
1.2518,272
1.0672,279
1.3635,262
1.2542,267
1.1354,273
1.3105,287
1.1782,282
1.1767,264
1.2603,279
0.9242,296
1.1327,281
1.2956,272
1.2294,277
1.2351,273
1.2136,271
1.1441,283
1.0681,283
1.3859,275
1.4009,265
1.1689,298
1.0329,294
1.3848,270
1.1864,274
1.1596,279
1.1587,274
1.1871,274
1.0965,283
1.0532,287
1.0973,280
1.2019,279
1.2207,270
1.0643,286
1.2863,275
1.2229,276
1.2754,265
1.3567,268
1.2366,281
1.2435,288
0.9910,299
1.3073,273
1.3612,287
1.1056,288
1.1337,282
1.1669,274
1.1960,274
1.0634,295
1.1142,280
1.2930,271
1.2595,265
1.4036,277
1.2299,274
1.0240,276
1.1777,290
1.2085,281
1.1645,288
1.3644,255
1.0389,286
1.2691,274
1.2180,281
1.0751,275
1.1663,284
1.2825,273
1.1918,275
1.1291,282
1.2524,286
1.3229,275
1.1123,272
1.1367,277
1.4899,258
1.0741,283
1.1848,283
1.2481,277
0.9959,288
1.2016,274
1.1374,284
1.3954,290
1.1050,282
1.1871,281
1.3740,278
1.3555,273
1.1189,285
1.2495,271
1.2921,263
1.2776,275
1.3054,265
1.5086,269
1.2735,280
1.2373,274
1.2991,272
1.1187,277
1.3285,281
1.0392,287
1.1806,273
1.2645,273
1.0370,277
1.3087,266
1.4201,266
1.2690,279
1.1704,282
1.0382,291
1.2384,274
1.1725,292
1.0859,295
1.1175,285
1.1520,292
0.9816,290
1.2734,280
1.2113,286
1.2169,284
1.0445,294
1.3458,262
1.1868,285
1.1488,282
1.2743,279
1.0775,290
1.2381,261
1.1958,275
1.1150,290
1.1031,290
1.1371,283
1.1759,285
1.3084,273
1.0657,291
1.1630,282
1.0415,291
1.3637,270
1.3058,272
1.3334,261
1.2407,286
0.9856,288
1.2475,290
1.1054,294
1.1299,281
1.1066,277
1.2218,273
1.2632,282
1.3172,265
1.0511,290
1.0345,278
1.0139,283
0.9692,280
1.1701,281
1.1461,279
1.2632,265
1.2198,279
1.3960,279
1.3508,267
1.3101,282
1.2701,278
1.1970,284
1.3992,273
1.1302,284
1.1628,289
1.2122,277
1.2350,279
1.4086,274
1.1993,277
1.1391,296
1.2319,285
1.1204,289
1.3338,282
1.2001,283
1.2509,275
1.1995,292
1.2898,277
1.0939,290
1.1434,284
1.3471,268
1.2423,273
1.2713,267
1.1948,271
1.1472,275
1.0822,290
1.1071,284
1.0596,279
1.1071,284
1.1604,268
1.1514,275
1.1649,285
1.4097,263
1.1598,267
1.2449,268
1.0922,284
0.9808,291
1.3477,267
1.1428,275
1.0870,291
1.2311,280
1.2245,280
1.1746,289
1.1190,288
1.1869,272
1.3096,271
1.4225,254
1.3582,265
1.2322,289
1.2938,281
1.1705,285
1.2927,274
1.0928,294
1.1142,285
1.1674,281
1.1040,283
1.2537,271
1.2033,287
1.0465,284
1.1569,283
1.1996,278
1.2664,282
1.2629,287
1.0812,298
1.1822,274
1.2079,282
1.2305,277
1.1068,279
1.1909,275
1.1483,284
1.3596,267
1.1759,276
1.1587,281
1.0787,282
1.2296,263
1.1971,283
1.1625,287
1.1382,284
1.1504,290
1.2197,284
1.2973,262
1.2034,280
1.2082,285
1.2644,259
1.2748,283
1.1084,289
1.3883,274
1.2879,272
1.3490,266
1.1466,284
1.2880,264
1.1529,278
1.1314,280
1.2369,278
1.2556,271
1.2260,269
1.2185,279
1.4996,250
1.2096,272
1.0284,283
1.1696,280
1.2478,275
1.3828,261
1.3328,277
1.1269,272
1.3860,254
1.0796,282
1.4356,266
1.2185,264
1.0538,294
1.3453,285
1.2354,269
1.1737,286
1.5094,261
1.2129,274
1.1936,274
1.1950,273
1.2716,268
1.3071,271
1.2355,271
1.3863,267
1.0721,289
1.2356,286
1.4024,267
1.1500,282
1.1530,295
1.0704,286
1.3309,271
1.3192,262
1.1063,281
1.4141,274
1.0745,292
1.3388,271
1.3161,263
1.3052,270
1.2883,274
1.2560,282
1.2872,274
1.0249,285
1.1369,277
1.3957,272
1.2359,276
1.1213,275
1.1959,276
1.3088,279
1.4379,260
1.3077,287
1.0801,283
1.1110,284
1.2320,277
1.2091,267
1.0804,290
1.3723,254
1.1733,287
1.3203,268
1.1350,282
1.2078,282
1.1946,276
1.3579,275
1.1883,286
1.3796,257
1.3922,263
1.3182,280
1.1984,278
1.1525,287
1.1808,264
1.1165,282
1.0527,287
1.2273,277
1.1486,281
1.3106,282
1.3590,280
1.2592,279
1.2868,265
1.3729,270
1.2461,276
1.1880,285
0.9970,299
1.1798,289
1.1725,282
1.2194,278
1.2584,282
1.2190,267
1.4726,271
1.1257,274
1.4378,267
1.3405,281
1.0240,284
1.2489,277
1.1722,285
1.0603,288
1.0946,283
1.3380,273
1.1532,281
1.0711,298
1.0293,291
1.2612,289
1.1162,286
1.2131,272
1.3377,275
1.3526,260
1.3455,278
1.2029,267
1.3451,274
0.9629,291
1.0081,291
1.4990,269
1.3438,277
1.1635,291
1.1305,282
1.3109,277
1.2950,280
1.2709,264
1.2409,269
1.1421,293
1.1407,272
1.2610,271
1.2187,275
1.1963,273
1.1547,273
1.3920,264
1.2251,275
1.3097,279
1.2121,277
1.4662,263
1.1482,285
1.3326,264
1.0374,300
1.0172,284
1.0681,281
1.0908,282
1.3261,281
1.0198,295
1.1191,292
1.3170,270
1.1153,290
1.1496,283
1.0631,293
1.2267,275
1.4253,258
1.2203,276
1.2977,277
1.3471,291
1.3500,279
1.1471,276
1.3263,268
1.0162,293
1.3346,273
1.0751,278
1.1662,285
1.1692,276
1.2872,285
1.2113,276
1.1454,288
1.1846,273
1.0831,282
1.4091,271
1.1054,283
1.0684,297
1.4394,260
0.9669,299
1.3134,268
1.2243,290
0.9909,285
1.4009,271
1.3749,271
1.1745,288
1.1576,270
1.1488,291
1.1040,283
1.3416,274
1.2209,269
1.1735,292
1.3514,268
1.0169,280
1.1617,281
1.1573,281
1.2039,285
1.3224,275
1.1137,285
1.2055,280
1.1688,281
1.0668,291
1.1275,287
1.2666,275
1.2113,272
1.1804,277
1.1101,281
1.0759,291
1.0963,277
1.2948,283
1.3912,277
1.3420,273
1.4462,271
1.3366,268
1.2803,279
1.1820,283
1.2772,265
1.1411,282
1.3425,279
1.1827,287
1.0168,299
1.1771,280
1.3382,274
1.3338,275
1.3570,269
1.3258,264
1.2369,280
1.2969,280
1.1075,283
1.1145,277
1.0277,286
1.4042,270
1.2266,281
1.1861,285
1.1606,283
1.0732,279
1.1603,271
1.0941,279
1.0625,277
1.2377,278
1.2675,285
1.2579,272
1.1286,279
1.2207,288
1.2214,278
1.2444,278
1.2812,270
1.0967,287
1.1308,288
1.2111,288
1.2909,279
1.2047,292
1.2006,273
1.1182,272
1.1748,288
1.4704,263
1.3016,273
1.0254,282
1.0700,285
1.0277,296
1.2778,275
1.1583,283
1.0420,286
1.3126,266
1.0057,288
1.1237,284
1.1751,294
1.3711,285
1.3758,257
1.2204,271
1.0862,289
1.1625,285
1.2174,276
1.1925,288
1.3600,275
1.2024,273
1.1117,279
1.2788,285
1.0848,282
1.3830,274
1.2710,289
1.1132,288
1.2279,281
1.1097,288
1.1688,289
1.2535,266
1.2985,271
1.2140,283
1.1853,284
0.9817,285
1.1829,273
1.2485,276
1.2208,289
1.2252,278
1.1365,287
1.2366,269
1.1099,274
1.1390,283
1.0894,290
1.1818,281
1.3223,283
1.1767,284
0.9816,288
1.2053,284
1.0992,284
1.3067,283
1.0993,287
1.1569,288
1.1930,283
1.2189,284
1.4095,270
1.2498,266
1.1920,278
1.2166,281
1.2005,282
1.1793,289
1.2295,280
1.1107,280
1.3559,258
1.3342,279
1.1083,284
1.2768,278
1.0791,284
1.1460,278
1.2661,265
1.2987,278
1.2153,281
1.1306,271
1.0932,280
1.1185,283
1.3038,269
1.2324,277
1.1593,273
1.3897,263
1.2688,277
1.2062,273
1.1866,284
1.6425,264
1.2809,266
1.3098,279
1.1550,284
1.1881,288
1.1352,278
1.1128,272
1.2355,283
1.0995,282
1.1988,286
1.1428,285
1.2322,258
1.3004,274
1.1186,280
1.0736,287
1.1510,271
1.1745,276
1.2045,280
1.4160,262
1.1822,276
1.2159,272
1.1959,281
1.1225,270
1.1446,289
1.1787,281
0.9603,289
1.2015,278
1.2929,274
1.1025,297
1.1988,286
1.2212,274
1.3079,269
1.1483,278
1.2450,289
1.1846,265
1.3336,266
1.3024,270
1.2916,277
1.2344,282
1.1826,278
1.3714,265
1.1070,280
1.1917,281
1.1119,278
1.1426,271
1.3003,276
1.0913,279
1.2120,268
1.1875,276
1.2075,274
1.0745,285
1.1724,278
1.1748,276
1.3221,269
1.2807,265
1.1416,288
1.3555,271
1.2534,279
1.2432,278
1.0717,279
1.3257,265
1.0733,288
1.0968,286
1.0692,287
1.1193,304
1.4500,276
1.0385,294
1.3564,277
1.0686,288
1.2121,273
1.2564,277
1.3630,277
1.1992,281
1.2675,273
1.0374,287
1.2609,286
1.2087,293
1.2019,261
1.2778,273
1.3992,257
1.2563,290
0.9980,295
1.2082,284
1.0976,287
1.3989,267
1.4382,271
1.3844,273
1.3335,280
1.2986,270
1.3333,276
1.1643,283
1.2549,277
1.3510,270
1.0679,290
1.2370,274
1.2289,277
1.0403,284
1.1051,282
1.0052,286
1.4003,276
1.2320,280
1.4508,276
1.2097,272
1.1937,271
1.1921,268
1.3000,285
1.2233,286
1.2487,279
1.3180,272
1.1596,287
1.1487,280
1.2379,287
1.2465,280
1.3204,267
1.1121,287
1.3193,274
1.2003,287
1.3293,273
1.2703,272
1.0899,298
1.1595,278
1.3383,278
1.0330,283
1.2081,272
1.1875,285
1.2559,273
1.2547,281
1.1729,279
1.1902,277
1.3238,294
1.2079,276
1.2653,260
1.2476,291
1.1380,288
1.2162,284
1.2859,274
1.2860,267
1.2671,288
1.2290,279
1.2316,275
1.3696,273
1.2355,276
1.2887,278
1.2511,275
1.1105,286
1.0344,288
1.1182,279
1.4791,265
1.2722,276
1.0179,295
1.2267,280
1.2334,275
1.1722,277
1.1860,274
1.3095,281
1.3712,271
1.1574,289
1.2181,289
1.3658,272
1.3085,278
1.4176,268
1.0586,284
1.3022,275
1.1524,281
1.3310,275
1.0921,285
1.1932,274
1.2077,284
0.9940,291
1.3107,268
1.0170,281
1.3442,267
1.2111,264
1.3012,273
1.1104,289
1.3286,266
1.1644,272
1.2426,277
1.2727,275
1.2908,275
1.2300,280
1.4052,270
1.3844,266
1.1838,275
1.3106,277
1.4319,276
1.2612,272
1.1846,281
1.3576,271
1.0530,283
1.0834,288
1.4844,270
1.3504,273
1.2641,278
1.2116,279
1.2329,288
1.1545,292
1.1540,271
1.3253,280
1.1418,278
1.1247,273
1.1569,272
1.2626,268
1.2623,270
1.0401,282
1.1797,287
1.2171,279
1.2627,277
1.1325,280
1.1666,275
1.1812,286
1.2115,277
1.3649,271
1.4732,260
1.1961,288
1.0663,275
1.2484,266
1.1240,285
1.3465,275
1.3411,267
1.2400,284
1.3442,273
1.2495,297
1.2474,270
1.2907,280
1.2125,280
1.3055,280
1.1775,277
1.2120,273
1.2913,264
1.2194,281
1.2179,279
1.3100,269
1.2043,283
1.0139,291
1.2216,277
1.2958,276
1.0251,283
1.2696,270
1.3846,274
1.1625,278
1.1809,272
1.2287,269
1.4516,261
1.2646,270
1.1625,279
1.2689,273
1.0860,281
1.1659,283
1.3048,286
1.3081,279
1.3216,270
1.2481,277
1.2432,274
1.0703,286
1.2609,279
1.3435,278
1.2656,272
1.2556,281
1.1905,276
1.2119,281
1.3645,276
1.2433,275
1.2528,280
1.3918,261
1.3803,272
1.4106,283
1.2544,275
1.2749,272
1.1616,267
1.2602,267
1.0159,294
1.5067,261
1.3668,276
1.4489,283
1.1362,287
1.2641,261
1.0486,293
1.3353,254
1.1965,286
1.2950,273
1.3201,254
1.1958,271
1.1487,290
1.4472,276
1.4088,281
1.4258,282
1.2620,289
1.2753,271
1.2251,286
1.1897,273
1.2104,276
1.0435,288
1.5372,272
1.0695,290
1.1834,273
1.2764,272
1.4257,262
1.2017,272
0.9800,292
1.1695,270
1.2627,287
1.3589,279
1.2415,275
1.2532,292
1.2646,267
1.1124,302
1.2775,285
1.0952,296
1.3071,273
1.2097,273
1.0943,283
1.3813,266
1.2623,285
1.2378,278
1.1222,289
1.3187,273
1.3162,270
1.1704,285
1.0530,300
1.2277,274
1.1973,283
1.2761,270
1.4548,270
1.1029,283
1.3025,270
1.2887,265
1.2293,284
0.9856,280
1.2338,278
0.9281,300
1.3262,279
1.1861,278
1.2554,287
1.2690,273
1.1652,287
1.3057,291
1.2819,270
1.1242,280
1.3236,274
0.9993,289
1.0011,294
1.2382,273
1.1349,294
1.2790,281
1.2392,266
1.3612,259
1.1852,272
1.1148,284
1.4176,280
1.2684,275
1.3745,270
1.1287,293
1.0611,292
1.0715,288
1.2710,288
1.1009,291
1.2412,276
1.1176,286
1.2194,284
1.2445,271
1.3216,278
1.2573,274
1.1016,282
1.1795,278
1.5095,266
1.1368,283
1.1568,288
1.0073,296
1.4083,269
1.2731,271
1.2972,287
1.2849,290
1.2361,279
1.2528,273
1.2143,285
1.2199,286
1.1757,302
1.1682,282
1.3641,285
1.1492,294
1.1559,280
1.1299,283
1.3829,271
1.1841,278
1.3808,269
1.3366,276
1.2791,273
1.2880,278
1.2142,282
1.1651,280
1.3525,274
1.1422,280
1.2990,269
1.3952,263
1.3287,259
1.3440,272
1.2832,263
1.2530,281
1.1936,274
1.2344,273
1.2994,265
1.2257,287
1.1567,287
1.1252,294
1.3408,271
1.2857,277
1.3319,261
1.0183,298
1.1833,287
1.2342,276
1.3155,279
1.1795,284
1.0445,286
1.1733,281
1.0186,286
1.3003,281
1.0571,290
1.3634,265
1.3763,283
1.2031,273
1.1700,285
1.3436,275
1.3345,265
1.3564,268
1.1237,279
1.4349,279
1.0497,297
1.2268,267
1.2373,276
1.3294,268
1.4467,269
1.2941,259
1.2432,274
1.4338,271
1.1224,284
1.3467,282
1.3806,275
1.5198,250
1.2651,289
1.1648,285
1.3543,265
1.4992,265
1.2332,264
1.1841,275
1.3158,269
1.1122,284
1.3070,266
1.2473,271
1.3077,275
1.3900,277
1.1027,295
1.2571,281
1.1845,283
1.4199,274
1.3459,261
1.1789,283
1.2001,276
1.2699,278
1.2731,282
1.1701,281
1.4000,266
1.1853,279
1.1324,287
1.1664,283
1.2465,281
1.2463,266
1.1784,288
1.3122,273
1.3845,273
1.2321,285
1.3564,283
1.3758,275
1.4039,277
1.4091,266
1.1099,274
1.1389,279
1.2656,275
1.0135,302
1.3024,270
1.4734,266
1.0939,281
1.2141,279
1.1126,295
1.3332,276
1.1460,285
1.0501,291
1.0628,291
1.3305,261
1.3730,269
1.0838,292
1.2196,279
1.2634,282
1.2285,277
1.3177,289
1.1819,283
1.3350,271
1.2925,278
1.3373,278
1.1714,282
1.3857,281
1.2410,274
1.3977,269
1.1210,288
1.2525,277
1.1509,285
1.4835,267
1.3263,273
1.2319,286
1.2483,282
1.4064,270
1.1098,284
1.2116,282
1.1687,280
1.1610,285
1.2703,277
1.2180,278
1.2497,283
1.2946,267
1.1542,293
1.2497,280
1.2000,290
1.1603,290
1.2899,283
1.2203,280
1.1070,281
1.3308,289
1.0505,286
1.2300,275
1.3709,275
1.2813,273
1.2903,279
1.2927,277
0.9783,295
1.2467,268
1.2767,280
1.1937,275
1.0946,291
1.1661,275
1.2775,271
1.2092,284
1.0591,294
1.2980,276
1.1354,276
1.3628,268
1.1469,275
1.0773,291
1.2136,275
1.4719,269
1.1476,270
1.1869,281
1.3032,261
1.1446,294
1.4133,271
1.3583,277
1.1388,285
1.1318,287
1.1852,268
1.3745,273
1.1010,292
1.2496,262
1.1549,281
1.2571,268
1.1684,289
1.5114,271
1.0491,278
1.2670,276
1.3410,279
1.2910,274
1.3572,288
1.5172,263
1.3129,278
1.1117,283
1.2665,272
1.1434,283
1.3004,279
1.2886,271
1.3100,283
1.1903,283
1.2880,266
1.2243,282
1.4402,267
1.0823,292
1.3401,269
1.2325,284
1.1793,290
1.3100,268
1.1005,283
1.3506,272
1.2752,277
1.3553,278
1.1249,289
1.2758,271
1.1758,287
1.0779,283
1.1620,294
1.3483,282
1.4148,268
1.0269,298
1.3059,272
1.0005,301
1.3598,271
1.3532,279
1.0929,287
1.1909,280
1.4330,268
1.2646,280
1.3074,281
1.3044,278
1.3143,286
1.1681,283
1.2184,286
1.3688,270
1.3326,281
1.3618,267
1.4280,271
1.0292,298
1.2839,274
1.4002,268
1.2882,272
1.4178,256
1.1210,294
1.4958,265
1.2222,272
1.3100,288
1.4107,271
1.1972,276
1.1467,283
1.2892,266
1.3528,284
1.2787,280
1.1907,282
1.2388,287
1.3179,278
1.3112,282
1.1158,287
1.2572,275
1.1241,283
1.3636,284
1.4167,270
1.2424,272
1.4553,275
1.2835,281
1.2156,273
1.4547,267
1.2884,267
1.4149,273
1.2724,269
1.2492,273
1.2049,276
1.1684,277
1.3198,278
1.1639,279
1.2116,264
1.2613,274
1.2214,279
1.3368,278
1.4114,277
1.1981,280
1.1487,283
1.2180,275
1.4186,270
1.3317,275
1.2291,284
1.4436,262
1.2009,275
1.2115,287
1.1641,282
1.3402,269
1.2545,276
1.3307,269
1.3397,270
1.4709,275
1.1618,278
1.4876,269
1.0959,297
1.2192,279
1.1899,276
1.1715,275
1.0950,289
1.2303,277
1.3070,274
1.4466,276
1.1060,290
1.1966,281
1.2041,291
1.5854,266
1.0914,288
1.2271,273
1.2266,265
1.1654,282
1.3976,268
1.2905,273
1.3064,280
1.2716,279
1.3106,280
1.2580,274
1.4030,270
1.2520,273
1.6613,261
1.0990,282
1.1901,284
1.3916,261
1.2354,280
1.1948,282
1.3719,277
1.2932,280
1.3359,274
1.3466,263
1.1428,275
1.4508,274
1.2009,286
1.3166,268
1.2533,269
1.0879,278
1.3074,277
1.4306,262
1.2714,273
1.2180,272
1.2821,277
1.4175,278
1.2215,287
1.4394,271
1.4547,263
1.3496,269
1.2818,273
1.3794,277
1.4002,267
1.4076,281
1.1243,286
1.1301,293
1.0894,292
1.3829,277
1.2191,281
1.4727,275
1.2779,273
1.5095,270
1.3140,268
1.1584,280
1.1527,285
1.1692,283
1.1361,287
1.2234,278
1.1642,284
1.2312,281
1.3961,271
1.4318,277
1.0789,272
1.2955,287
1.1906,289
1.3939,267
1.6907,261
1.1449,292
1.3152,271
1.1842,282
1.4646,272
1.2129,290
1.1730,295
1.2083,280
1.2871,271
1.3154,274
1.3784,263
1.4918,263
1.4865,281
1.3331,277
1.1981,282
1.4616,259
1.3848,276
1.1442,289
1.2362,269
1.2962,281
1.4595,274
1.4284,274
1.4591,279
1.2575,270
1.4256,272
1.2738,284
1.4301,274
1.2578,272
1.4094,268
1.2209,274
1.2884,280
1.2838,275
1.2374,280
1.2697,279
1.3182,275
1.3182,281
1.2241,271
1.1849,284
1.3643,273
1.1202,277
1.3241,271
1.2820,275
1.4161,283
1.3883,275
1.2268,282
1.4770,259
1.3856,269
1.2423,272
1.2667,271
1.2402,266
1.3180,281
1.2584,280
1.2287,280
1.6508,253
1.1982,275
1.3400,277
1.3352,287
1.2719,281
1.0949,275
1.2044,285
1.3772,281
1.3914,280
1.2814,269
1.2756,278
1.5018,275
1.2181,290
1.3583,271
1.2742,272
1.2175,276
1.4743,261
1.2033,291
1.4829,259
1.2962,270
1.2315,283
1.2482,282
1.3205,266
1.2688,270
1.3253,268
1.4640,264
1.4433,267
1.4246,265
1.3349,275
1.5390,252
1.5021,255
1.3579,270
1.4875,268
1.3199,280
1.3046,272
1.0696,290
1.4543,272
1.2154,276
1.3010,269
1.1725,271
1.1926,277
1.4105,269
1.3367,272
1.5585,263
1.3639,265
1.3105,275
1.0916,296
1.4508,271
1.5011,259
1.4112,275
1.2534,265
1.3622,283
1.3117,278
1.3794,281
1.1991,285
1.2405,280
1.1706,283
1.3235,282
1.1778,285
1.3949,269
1.3887,273
1.3583,269
1.0569,293
1.1954,279
1.4271,267
1.2033,282
1.3979,274
1.3641,280
1.1362,282
1.2273,285
1.3238,281
1.1958,274
1.2874,278
1.3934,267
1.2026,279
1.4109,272
1.3448,276
1.3512,277
1.2750,281
1.3098,272
1.4145,262
1.2338,278
1.0911,282
1.2164,278
1.2147,281
1.3718,256
1.1972,287
1.2172,276
1.3707,290
1.3712,265
1.1997,276
1.2596,280
1.3204,267
1.2283,284
1.1281,276
1.3559,275
1.3173,277
1.1446,274
1.2518,275
1.3194,265
1.2272,267
1.1510,275
1.1118,284
1.2352,269
1.2257,298
1.3456,266
1.4232,268
1.2542,282
1.5110,269
1.2688,276
1.3842,289
1.3135,271
1.2815,286
1.3738,271
1.3260,258
1.1434,286
1.3238,272
1.2695,269
1.3173,276
1.4380,272
1.2379,281
1.3518,272
1.2771,279
1.2058,275
1.3510,274
1.1946,272
1.2312,292
1.2594,272
1.4580,266
1.1964,276
1.4942,266
1.2599,291
1.3708,272
1.3250,274
1.4373,270
1.2992,279
1.3071,280
1.1197,285
1.1249,282
1.3655,270
1.2863,276
1.4436,261
1.3353,272
1.1852,277
1.1331,285
1.4795,275
1.2975,279
1.2882,271
1.2852,283
1.3528,268
1.4059,272
1.1456,286
1.3432,284
1.1308,288
1.3384,267
1.3877,262
1.2962,276
1.2579,274
1.3169,268
1.2191,276
1.3927,267
1.2711,271
1.4257,260
1.2476,284
1.3161,284
1.3761,268
1.4216,273
1.2294,286
1.1284,291
1.5451,265
1.2585,277
1.1011,292
1.3403,280
1.5325,262
1.3318,272
1.0041,288
1.2065,292
1.4327,274
1.2395,275
1.3549,272
1.4303,264
1.3282,269
1.0882,286
1.3144,271
1.3046,282
1.2987,284
1.2357,280
1.3867,278
1.3012,275
1.0902,278
1.4690,264
1.1140,275
1.5162,267
1.3758,267
1.3353,274
1.3323,272
1.2576,266
1.1722,291
1.3128,276
1.3108,275
1.4493,281
1.3912,274
1.1753,282
1.4081,283
1.3238,272
1.3048,284
1.5133,276
1.3364,264
1.4028,280
1.3928,278
1.1119,287
1.6095,274
1.2667,285
1.4978,260
1.3761,269
1.4631,273
1.4607,260
1.4634,258
1.1310,283
1.3299,273
1.5800,257
1.4808,253
1.3481,270
1.3783,267
1.3944,274
1.0676,288
1.2477,281
1.4739,255
1.3168,281
1.3829,274
1.3911,272
1.3096,286
1.3321,271
1.5027,267
1.5187,272
1.0355,290
1.4050,277
1.3592,268
1.4728,272
1.4942,263
1.3734,271
1.1817,285
1.1869,280
1.4932,263
1.4633,267
1.2466,283
1.1016,289
1.3624,266
1.4669,262
1.4468,256
1.4344,272
1.2521,280
1.3973,259
1.3493,270
1.2472,274
1.2328,290
1.4328,274
1.5561,265
1.4030,270
1.3439,278
1.6578,259
1.3473,276
1.4095,266
1.3438,273
1.3707,266
1.5989,258
1.6193,266
1.3390,276
1.2771,277
1.2866,279
1.1807,280
1.5141,262
1.3092,269
1.2424,287
1.4748,266
1.3703,261
1.2512,284
1.4671,266
1.3720,281
1.3515,277
1.4939,248
1.1277,288
1.3859,266
1.3857,274
1.3759,281
1.2401,283
1.2849,267
1.3366,285
1.0787,284
1.2508,275
1.1863,282
1.2892,282
1.3520,276
1.5043,275
1.4578,261
1.2730,281
1.2255,275
1.3845,269
1.2916,286
1.3844,265
1.3283,301
1.4229,265
1.3197,273
1.2504,275
1.3903,269
1.3028,279
1.5702,278
1.3915,276
1.3578,271
1.1231,284
1.2655,271
1.5417,278
1.3017,270
1.3260,273
1.6514,254
1.0349,290
1.3136,277
1.3946,279
1.3197,275
1.2835,267
1.2844,273
1.6264,252
1.4040,267
1.3027,270
1.5398,267
1.4269,263
1.2652,265
1.5461,253
1.2717,281
1.3881,277
1.4536,265
1.5450,255
1.3404,266
1.7664,256
1.5667,258
1.4108,263
1.4877,267
1.6326,251
1.9564,237
1.5682,250
1.6258,259
1.9685,130
