3.5021,136
3.5166,131
3.4428,145
3.1537,132
3.2618,137
3.1226,140
3.2694,129
2.9226,149
3.2605,136
3.1635,121
3.2897,139
3.2834,121
3.3565,125
3.4885,125
3.3061,145
3.4114,122
3.3023,136
3.2165,136
3.3035,129
3.4613,112
3.5448,113
3.3360,139
3.3523,129
3.4884,126
3.6535,121
3.4132,139
3.7748,116
3.6374,133
3.4834,118
3.5745,126
3.7102,127
3.5977,121
3.6489,135
3.6881,132
3.7637,112
3.4138,138
3.6716,125
3.6291,129
3.6388,129
3.4162,140
3.5963,139
3.3523,136
3.5808,123
3.9751,112
3.6046,142
3.7334,121
3.6345,131
3.4288,137
4.0983,113
4.0066,113
3.9051,115
3.7055,121
3.8938,125
3.8319,116
3.6094,141
3.6323,115
3.7025,127
3.8388,131
3.6879,124
4.0165,107
3.7948,131
4.0362,120
3.4206,141
3.7623,120
3.7966,125
3.5399,128
3.7884,112
4.0117,111
3.4379,138
3.5133,137
3.6465,125
3.4001,141
3.8617,131
3.6058,137
3.3345,142
3.6705,131
3.9057,110
3.7583,128
3.6288,123
3.6419,119
3.7634,124
3.5598,127
4.0098,118
3.7100,123
3.5348,130
3.7838,147
4.0103,109
3.7036,133
3.6244,135
3.6601,140
3.7850,119
3.8418,122
3.6702,128
3.5786,119
4.0210,111
4.0646,113
3.8202,125
3.8528,124
4.3134,113
3.9835,123
3.6773,109
3.9801,118
3.8337,118
3.9183,138
3.6010,138
4.1365,106
3.6394,132
3.6172,123
3.8136,130
3.4371,156
3.8430,121
3.7742,132
3.8377,134
3.9254,128
3.5259,133
3.9824,108
4.0802,127
3.9630,110
3.8305,131
3.9215,115
3.8534,123
3.9842,129
3.7554,139
3.9444,133
3.7816,139
3.9510,121
4.1211,120
3.8838,125
4.0069,131
3.6378,152
3.7765,134
3.8565,116
3.7378,115
3.6285,117
4.0340,119
4.0727,123
3.8405,127
3.6666,137
3.8549,115
3.9557,123
3.8215,123
3.7858,122
3.9115,116
3.9758,127
4.1251,135
3.7211,125
3.9220,125
3.9990,129
4.0899,124
4.0936,123
4.0056,111
3.6234,142
3.9175,127
4.0321,125
3.7006,139
4.0015,116
3.8810,133
4.1478,119
3.7394,139
3.7387,127
3.9703,136
3.7165,135
4.1503,129
3.9673,131
3.8356,138
3.8184,127
3.9591,130
4.1219,129
3.7586,140
4.1263,117
4.0264,118
3.6892,136
4.0724,126
3.8140,140
3.7808,135
3.6068,130
3.9249,142
3.8450,135
3.6602,132
4.2143,122
3.8402,120
3.6857,138
3.4794,142
3.6907,147
3.8283,131
3.9717,126
4.0719,140
3.8497,121
3.8490,136
4.0704,134
3.6789,142
4.0512,130
3.8327,134
4.0602,119
3.9838,117
3.9038,133
3.9869,137
4.1505,113
3.9222,137
3.8180,131
3.9452,129
4.2066,122
4.1882,121
3.8390,118
4.0608,128
3.8880,131
4.2427,120
3.5810,137
3.8501,118
4.0129,125
3.8002,145
3.9401,126
3.8031,137
4.1415,115
3.8920,133
3.8782,122
3.7712,143
3.8339,132
3.7608,135
3.9651,131
4.0555,142
3.8970,129
3.9409,122
3.8719,136
3.9432,120
3.7089,127
3.9209,130
3.8901,135
3.9738,124
4.1263,120
3.8073,129
3.9739,138
4.1767,135
3.8240,136
4.0380,137
4.2288,118
4.0005,137
3.8319,148
4.1705,122
4.1826,116
3.6799,139
3.8303,125
3.8301,134
4.1139,141
4.0964,125
4.1152,135
4.2630,130
3.8992,139
4.3646,110
3.8315,129
3.8771,127
3.8373,128
3.8979,147
3.8048,140
3.6637,149
3.9346,125
4.2478,110
4.0894,115
3.8517,139
3.9163,135
3.9682,137
3.9130,128
4.0049,128
3.8593,142
3.9608,125
4.0884,121
4.0459,138
3.8035,134
3.9765,126
4.1642,133
4.5457,120
4.0433,120
4.1513,120
3.8296,141
4.1929,131
4.0226,123
4.1454,133
3.9190,126
4.3019,110
3.9333,133
3.8947,133
3.7097,136
3.9225,138
3.9632,135
3.7888,131
3.8715,134
4.0562,131
4.0276,133
3.9821,132
4.2110,128
4.0169,135
4.0062,123
3.6685,152
3.7266,139
3.7569,134
3.9081,128
3.9936,126
4.0078,120
4.2852,124
4.2204,123
3.8294,138
3.7884,128
4.2130,122
3.7919,133
3.8144,138
4.3517,124
3.9565,139
4.0922,134
4.0924,119
3.6838,145
4.2632,131
3.9161,140
3.9404,124
3.8739,140
3.8297,141
4.0254,131
3.9420,136
3.6079,131
4.1664,133
4.0285,134
3.9862,130
3.8649,136
3.9748,136
4.0781,139
3.9082,120
4.2071,117
4.0440,118
3.9089,126
4.0653,133
4.1226,129
4.1329,127
4.0413,137
3.6839,151
4.0534,128
3.9638,144
3.7984,134
3.9550,149
3.7128,148
4.0472,146
3.6288,142
3.8464,151
3.7630,121
3.7760,141
4.0972,127
3.9976,140
3.9313,135
3.8848,127
4.1206,125
3.8842,140
3.9310,127
3.9709,132
4.0941,138
4.2173,133
3.7691,131
3.9361,133
3.8821,143
3.7951,138
3.9163,142
3.6797,141
4.1064,137
4.6308,115
4.2506,120
4.0339,140
3.9830,142
4.3373,121
4.0132,123
4.0495,126
3.7934,129
3.7373,139
3.8220,139
3.9233,129
3.8418,137
3.8556,130
4.2104,121
4.1362,116
4.2239,123
4.1843,137
4.3803,110
3.6668,153
3.9243,133
3.9719,141
3.9832,124
4.0810,130
4.1142,131
3.6769,139
4.0948,136
3.9909,123
4.0993,135
3.8033,146
3.8058,132
3.8590,134
3.9800,136
4.0137,134
3.9701,141
3.6976,137
4.1193,117
3.7782,137
3.6813,135
4.1415,125
3.7458,144
3.7941,134
3.6406,153
3.5729,154
4.0018,131
3.8638,134
3.6509,156
4.2955,128
4.2236,130
3.9210,149
3.6354,153
3.9016,132
3.7489,135
3.7258,142
4.1854,131
3.9975,146
3.9134,139
3.5778,155
3.9468,139
4.0802,139
4.1188,140
3.9898,142
3.8290,139
3.8979,145
4.0693,131
3.8946,134
3.9312,136
4.1147,133
4.0690,137
3.9914,134
4.0567,135
3.8885,137
4.1768,119
3.7866,147
3.8435,142
3.8665,146
3.9418,146
3.4437,147
4.0603,122
3.5074,152
3.8541,136
3.8582,139
3.8934,137
4.1618,134
3.9834,136
3.9462,128
3.9863,136
3.7457,141
4.3776,123
3.9315,131
4.1684,130
4.2155,138
4.2353,126
4.0166,130
3.8823,133
4.1774,123
3.9634,142
3.9864,132
3.7885,131
4.1024,120
4.2725,130
4.0774,127
3.9805,124
4.0067,137
3.7504,143
4.3237,116
4.2080,124
4.0510,137
3.8520,127
3.8419,131
4.1233,124
3.9643,144
3.6346,145
3.7991,136
3.6240,141
3.8849,135
3.8251,147
3.9162,129
4.1267,127
3.8278,129
3.8882,137
4.0788,132
4.0438,133
3.7686,140
4.1127,126
4.3121,139
3.9997,134
4.2306,122
3.6661,142
4.1410,132
3.9151,127
4.1626,130
4.3044,135
3.9611,137
4.1607,136
4.2196,119
4.0133,134
3.8924,136
3.8418,144
4.0969,142
3.9486,135
4.1331,133
3.9315,137
4.0948,126
3.8665,142
4.1645,120
3.9521,139
3.8310,143
3.8335,153
3.9877,136
3.9150,152
3.9041,135
4.0980,133
3.9356,136
3.9264,131
3.8297,146
3.8253,133
3.8443,139
3.9875,131
4.1141,138
4.3468,127
4.0854,127
3.7575,139
3.9734,145
3.8544,124
4.0708,123
3.8646,134
4.1436,125
3.7522,137
3.9820,134
4.0625,133
4.0936,122
4.0237,141
4.2313,134
3.9427,140
3.8328,148
4.1296,134
3.8733,132
4.1117,133
4.0154,135
3.8541,144
3.9490,146
3.6234,154
4.1541,138
3.8329,129
3.9388,137
3.8916,135
3.8456,138
4.0123,139
4.0445,143
3.9826,135
4.0277,140
3.8115,133
4.0491,142
3.7122,138
3.7883,138
3.9445,133
4.1236,117
4.0256,149
3.8766,134
3.9916,145
4.1302,132
3.8402,125
3.8929,150
3.7698,123
3.6508,147
3.5866,149
3.8487,136
4.1684,130
3.9980,140
4.2147,130
3.8900,149
3.8934,124
3.6136,145
3.6574,150
4.0235,130
3.9611,144
3.8017,132
3.9407,134
3.9485,138
3.9210,146
3.8163,148
3.8863,138
3.8970,142
3.7419,133
4.0099,133
3.9432,147
3.8535,130
4.1793,141
3.9412,128
3.9303,146
4.0157,132
4.1285,122
4.4103,126
4.1662,132
4.0438,129
4.0705,132
4.0552,131
4.1739,129
4.0939,118
4.2841,124
3.7541,153
3.9771,139
3.8049,147
4.2181,125
3.6684,137
4.1146,135
3.8810,134
3.7449,144
3.8463,134
3.5760,145
3.9208,130
4.0441,129
4.2408,127
3.8169,136
3.9135,153
3.9175,140
3.3650,150
4.2751,141
3.7330,143
3.9080,152
3.9582,146
4.2761,132
3.7992,133
4.0764,122
3.6950,134
3.9815,139
3.5570,148
3.8538,136
3.7509,140
4.1430,137
3.9751,148
4.1306,128
4.0670,128
3.8083,140
3.9605,142
3.8203,147
3.8304,141
3.7810,149
4.0184,130
4.2567,130
3.8122,136
3.6835,153
4.2467,133
4.1730,136
4.1487,128
3.8039,152
4.1524,129
4.1778,127
4.4718,133
3.9515,147
3.8353,152
4.0425,120
3.7991,139
4.0851,128
3.8747,126
3.9650,131
3.8535,142
4.0267,140
3.8751,148
3.8523,148
3.7986,136
3.9519,117
3.9094,148
3.7783,151
3.7180,136
3.8411,136
3.8474,147
4.1201,127
3.8400,148
3.8510,137
3.7869,139
3.7695,156
4.1720,129
4.1665,143
3.9181,131
4.0212,138
3.4213,158
3.7974,140
4.2531,134
4.1310,130
4.0365,119
4.0159,141
3.7134,139
3.9122,138
4.2285,141
4.0019,145
4.1574,142
3.8485,137
3.9643,138
3.9070,137
3.9333,137
3.5625,152
3.8165,140
4.0086,137
4.1430,132
3.7162,139
3.9149,131
3.9893,144
3.4777,146
4.0260,128
4.1056,133
3.7766,133
3.9130,142
3.9852,141
4.1873,143
3.9184,136
4.2894,126
4.2829,149
3.6874,138
3.8464,140
3.9000,136
3.9125,145
3.7998,143
3.7900,131
3.9480,139
3.9249,144
3.8387,149
3.7511,140
3.7098,130
4.2389,130
4.2572,128
3.6640,132
3.8806,145
3.9618,141
4.2275,126
3.7834,142
3.9690,123
3.8249,127
3.6440,147
4.2127,126
3.8191,145
3.6663,140
3.6630,150
3.7386,141
4.3265,117
3.8901,155
3.9530,126
3.6169,155
3.7050,144
3.9716,141
3.8131,138
3.9989,130
4.4293,127
3.9529,142
3.5417,133
3.8830,137
3.4585,149
3.6020,137
4.2334,126
3.5122,159
3.8102,143
3.7274,128
4.0477,127
4.0078,141
4.0922,132
3.8546,147
4.1960,134
3.7663,150
3.7140,145
3.7820,139
3.9582,138
4.0971,126
4.3826,134
3.6760,135
3.7515,130
3.9975,147
3.8990,122
3.7014,148
3.7797,140
4.1656,130
3.7946,135
4.0405,132
4.2640,131
3.9369,157
3.8050,156
3.9792,142
3.8149,140
3.9377,139
4.0737,143
3.7448,149
3.8261,138
3.6693,143
4.0309,133
4.0684,135
4.3783,117
3.9185,141
3.6969,147
3.9349,146
3.7764,150
3.6610,147
3.7778,141
3.9674,127
3.8834,133
3.7484,143
3.7888,122
4.0162,139
4.4999,133
3.7728,151
4.0619,141
4.2387,121
3.8159,138
4.0794,140
4.1063,133
3.8519,128
3.8784,145
3.9554,138
3.6971,162
3.7643,145
3.6338,140
3.7678,144
3.8302,140
3.8605,130
3.5368,145
4.1791,136
4.1256,136
4.2499,131
3.8971,147
3.7099,148
3.9080,132
3.7387,156
3.6703,141
3.7428,138
3.8293,151
3.8389,152
3.7850,144
3.8619,135
3.6223,154
3.8100,139
4.0195,123
3.7790,140
3.5585,137
3.9106,154
3.7029,137
3.5672,127
3.7101,146
4.0942,130
3.7556,133
3.8893,141
3.6275,148
3.7638,140
3.7797,141
3.9491,141
4.0470,133
3.7430,141
3.5986,133
3.5543,144
3.9831,135
4.0527,135
4.0847,137
4.0285,129
3.4729,157
3.8063,135
3.9267,130
4.1600,139
3.9084,153
3.9876,132
3.6871,138
3.5210,153
4.0330,141
3.5583,142
3.6420,147
3.8743,125
3.6300,148
4.2354,141
3.8034,146
3.7941,139
3.8475,140
3.5662,150
3.5433,161
3.4658,154
3.7129,163
3.9217,138
3.9441,132
3.8681,128
3.8572,148
3.6858,142
3.7368,139
3.7110,145
3.7346,148
3.7831,133
3.8163,150
4.1565,127
3.8753,135
3.5566,137
3.8478,144
3.6951,152
4.0035,147
3.7727,126
3.4527,158
3.7590,127
3.4933,152
3.8030,139
4.0072,135
4.3640,130
4.0146,129
3.6204,146
4.0228,121
4.0347,136
3.7837,141
3.9564,142
4.1007,137
3.8075,141
3.8206,148
3.9128,132
3.4197,156
3.8126,144
3.8485,135
3.8548,155
4.0571,125
4.0807,138
3.6587,147
3.9111,147
3.8796,137
3.4299,160
3.6458,159
3.6847,146
3.8324,140
4.3820,123
3.8274,149
3.9731,147
3.8778,135
3.6191,166
3.9667,118
4.0432,132
3.9870,133
3.9527,142
4.0204,136
3.8350,144
3.6412,139
3.8007,143
3.9694,131
4.0770,128
3.8727,135
3.6612,139
4.1486,130
4.0131,132
3.8203,144
4.0036,142
3.5786,144
3.9345,135
3.8277,142
4.0008,141
3.9469,143
3.8999,147
3.6939,135
3.8017,147
3.7189,150
3.6605,133
3.8640,126
3.7714,150
4.1698,139
3.6096,149
3.8735,142
3.4484,151
3.7916,132
4.3288,119
3.6082,151
3.8747,140
3.8280,145
4.0363,140
3.8424,151
4.1111,118
3.4354,143
3.9804,135
4.0236,140
3.8163,135
3.8973,133
4.0557,131
3.7108,137
3.8497,144
3.8161,147
3.9045,142
3.8041,150
3.5711,154
3.6655,130
3.6314,147
3.8862,144
3.5834,150
3.7911,154
3.7650,141
3.6208,145
3.7985,160
3.4955,148
3.7795,138
3.9627,143
3.6595,136
3.8593,141
4.1668,133
3.9175,131
3.6551,152
3.9548,126
3.6735,134
3.7590,146
3.5250,160
3.9820,128
3.7763,148
3.7030,154
3.8605,143
3.7271,135
3.6004,147
3.7449,147
3.7578,151
3.9723,133
3.7493,154
3.5767,169
4.0281,137
3.7457,136
3.8441,138
3.8835,150
3.5764,149
3.8371,146
3.4738,149
3.9546,149
3.6999,146
3.9089,143
3.6239,145
3.7869,145
4.1731,136
3.5903,155
3.9893,130
4.0081,129
4.0643,131
3.8225,143
4.1839,133
3.9600,138
3.5527,148
4.0470,120
3.9571,150
3.6677,124
4.0015,128
3.6054,164
3.6935,140
3.5028,138
3.8713,143
4.0383,137
3.4727,156
3.7161,142
3.9185,132
3.6725,132
3.6527,141
3.7147,150
3.6715,156
3.3299,159
3.7469,143
4.0089,141
3.6733,152
4.1381,136
3.8833,135
3.6812,138
3.8527,144
3.9030,142
4.2361,133
3.9091,133
4.2062,132
4.0722,131
3.7821,141
3.9961,122
3.6593,136
3.7500,130
3.5946,138
3.5991,153
3.3229,135
3.7224,128
3.6828,133
3.8808,143
3.7853,145
3.7069,143
3.6448,147
3.8126,148
3.5983,140
3.6124,151
3.8049,144
3.7269,136
3.8682,148
3.8379,148
3.8199,133
3.5476,145
3.8329,164
3.6518,135
3.7293,128
3.7810,146
3.9309,148
3.8514,143
3.8682,153
3.6786,134
3.7623,136
3.6696,133
3.7076,148
3.8420,121
4.1634,122
3.8424,129
3.3839,155
3.6486,141
3.6162,152
4.0525,141
3.6874,138
4.0614,120
3.9270,142
3.8319,151
3.5202,150
3.4682,154
3.8834,140
3.9137,149
3.5940,161
3.6765,143
3.7091,131
3.8064,140
3.6820,147
3.7548,145
3.5431,154
4.1156,142
3.9673,133
3.6173,149
4.0563,151
3.4784,166
4.1025,129
3.6618,153
3.7500,137
4.1042,131
3.5070,151
3.5173,147
4.1832,135
3.3859,163
3.6157,144
3.4040,149
3.8932,154
3.8481,148
3.5652,169
3.6860,146
3.6096,155
3.9408,130
4.1972,140
3.7095,134
3.6083,154
3.6282,141
3.3974,143
3.8406,121
3.9609,142
3.6255,142
3.9169,145
3.5172,148
3.6389,147
3.5396,165
3.5114,152
3.3805,145
3.5714,137
3.8568,140
4.2350,137
3.6465,153
3.2747,140
3.6858,141
3.8271,135
3.7759,141
3.7239,139
3.8578,130
3.7253,149
3.9341,123
3.7197,149
3.5380,156
3.8934,137
3.6496,152
3.9250,121
3.6956,140
3.2350,160
3.9211,138
3.7954,146
3.3512,150
3.4963,148
3.7970,142
3.6639,157
3.4396,144
3.7483,155
4.1020,127
3.6889,147
3.7043,143
3.7054,140
3.7730,146
4.2795,127
3.6841,163
3.6657,142
3.9087,153
3.4053,143
3.6571,145
3.5676,160
3.7458,146
3.8624,135
3.7516,134
3.5229,153
3.5948,154
3.8543,141
3.8451,143
3.5134,151
3.4087,143
3.7010,142
3.7760,145
3.8865,142
4.0332,152
4.0899,123
3.4003,141
3.6964,148
3.7730,142
3.7035,139
3.3990,151
3.6361,153
3.7438,147
3.7854,144
3.9286,135
3.8042,140
3.8932,134
3.6952,146
3.6513,145
3.6782,147
3.6281,140
3.3619,160
3.6734,146
3.7086,158
3.6185,135
3.8593,146
3.5794,153
3.6348,137
3.4624,143
3.7163,140
3.6526,138
3.7129,164
3.7820,133
3.6136,150
3.6574,142
3.4548,169
3.7396,141
3.5574,154
3.7958,148
3.8945,134
3.7270,146
3.6205,146
3.6093,145
3.7431,137
3.5880,146
3.3899,161
3.7125,140
3.5997,148
4.0053,132
3.6987,139
4.0280,143
3.7801,131
3.7244,141
3.5679,152
3.7519,145
3.8975,133
3.6366,154
3.9094,136
3.8294,143
3.8551,154
4.0077,136
3.6612,154
3.5322,144
3.8929,145
3.8377,136
3.4792,149
3.4874,152
3.5641,163
3.8068,129
3.6699,143
3.8308,158
3.6260,150
3.4934,144
3.6484,140
3.5751,149
3.4486,166
3.5061,151
3.4989,154
3.4587,154
3.5881,150
3.5145,149
3.3393,154
3.5431,144
3.7792,132
3.5732,147
3.5528,155
3.5642,162
4.1403,152
3.8734,145
3.5533,138
3.7731,145
3.5984,148
3.5612,132
3.4940,158
3.4355,150
3.7500,141
3.8954,145
3.2300,151
3.6301,142
3.5563,151
3.6749,143
3.4544,145
3.8657,131
3.4000,155
3.7339,132
3.6150,154
3.2579,146
3.5587,152
3.8387,144
3.7828,134
3.5302,149
3.8099,145
3.8464,119
3.8993,146
3.5397,140
3.6640,155
3.4447,147
3.7411,145
3.5420,144
3.5572,154
3.6987,159
3.6396,158
3.6777,163
3.7587,150
3.5881,152
3.8448,143
3.4412,163
3.3928,150
3.8823,145
3.8378,145
3.4049,154
3.7086,148
3.5627,124
3.4484,147
3.6745,156
3.1711,145
3.8996,152
3.6614,153
3.8448,142
3.4524,154
3.6229,148
3.5311,148
3.4339,161
3.9065,147
3.6664,142
3.5114,144
3.8012,132
3.5465,146
3.7533,140
3.7022,139
3.3995,166
3.4217,154
4.1135,136
3.9179,134
3.8014,128
3.5798,154
3.7270,148
3.4547,147
3.6223,140
3.7623,141
3.6277,148
3.6141,154
3.8102,160
3.5803,150
3.9737,145
3.6631,141
3.6210,151
3.8155,140
3.5215,152
3.7167,138
3.4726,127
3.9475,141
3.4624,150
3.4097,152
3.6953,157
3.8310,139
3.6317,148
3.5208,143
3.6323,148
3.4407,159
3.6073,155
3.4191,146
3.7241,146
3.6604,142
3.8887,163
3.6001,157
3.6405,142
3.4769,166
3.6669,135
3.2611,176
3.7556,147
3.5168,163
3.4428,167
3.2263,152
4.0333,126
3.5172,159
3.6230,140
3.3873,165
3.5942,147
3.5215,161
3.6415,140
3.3484,149
3.9885,135
3.7997,151
3.4311,158
3.8481,133
3.6731,132
3.5721,150
3.9915,141
3.6152,133
3.8639,146
3.9088,147
3.4984,154
3.6157,141
3.4626,136
3.9092,137
3.6046,149
3.6958,158
3.8498,152
3.4844,150
3.5041,150
3.6377,156
3.9113,141
3.7958,149
3.5878,145
3.6435,152
4.1186,137
3.4470,143
3.3784,146
3.6207,155
3.6125,144
3.6634,154
3.9009,130
3.4014,156
3.5257,147
3.6195,140
3.4466,142
3.3715,141
3.6285,161
3.3817,147
3.7803,138
3.5115,159
3.3812,159
3.6475,134
4.0507,138
3.9835,142
3.3092,143
3.6986,157
3.5338,143
3.7695,148
3.7454,143
3.5636,152
3.5941,151
3.6167,150
3.4738,155
3.5648,152
3.6760,161
3.4652,166
3.8315,136
3.9103,141
3.7451,147
3.6450,147
3.3507,159
3.5966,146
3.7733,159
3.4806,146
3.5368,163
3.6322,158
3.7173,136
3.5814,149
4.0792,140
3.5623,143
3.6203,146
3.7310,147
3.4268,134
3.8215,145
3.3440,140
3.4141,151
3.4856,148
3.3955,150
3.5202,143
3.4547,160
3.6948,147
3.2506,159
3.5524,156
3.6415,151
3.5781,151
3.6252,146
3.2801,159
3.1343,185
3.4076,146
3.2546,147
3.6017,154
3.7667,150
3.5510,146
3.4626,158
3.7367,157
3.3717,150
3.2719,150
3.1948,164
3.6505,167
3.4084,155
3.6926,153
3.5035,156
3.2744,155
3.7193,139
3.4129,149
3.6537,157
3.6529,136
3.6078,148
3.6342,128
3.5804,155
3.7481,150
3.9356,145
3.2901,157
3.6130,153
3.6467,159
3.6381,151
3.9170,142
3.5292,154
3.5842,152
3.6624,149
3.4569,163
3.7045,149
3.4762,149
3.4615,152
3.6342,145
3.5203,150
3.4683,149
3.5936,154
3.5662,135
3.7197,132
3.7254,144
3.7263,145
3.2475,155
3.2664,162
3.7301,152
3.5629,151
3.7313,144
3.1909,159
3.9771,156
3.4975,150
3.5428,142
3.5448,150
3.4589,135
3.3373,155
3.2933,149
3.6554,147
3.4308,151
3.5420,158
3.4104,153
3.5247,163
3.6419,146
3.3499,156
3.3366,176
3.5778,144
3.8077,141
3.2624,158
3.6756,136
3.7863,133
3.5214,156
3.0846,170
3.9876,135
3.6017,159
3.4488,152
3.4601,147
3.5901,145
3.3367,149
3.6978,140
3.5346,129
3.6404,138
3.3697,161
3.4511,168
3.3432,153
3.2897,156
3.5218,150
3.3262,162
3.3234,152
3.9858,138
3.6485,147
3.3913,150
3.5279,145
3.1527,162
3.5077,151
3.5017,150
3.8419,134
3.2901,158
3.5463,151
3.1313,174
3.5172,145
3.5379,141
3.7308,141
3.3395,168
3.2056,147
3.4369,152
3.4025,154
3.6368,141
3.4361,157
3.3042,149
3.4795,147
3.4590,151
3.4424,149
3.5605,157
3.5751,146
3.6047,145
3.5019,155
3.6200,164
3.3354,157
3.6467,168
3.5983,144
3.6740,150
3.2188,149
3.4902,163
3.4627,147
3.3253,152
2.9865,161
3.4301,151
3.1931,146
3.5972,143
3.7172,144
3.4077,171
3.5011,152
3.6118,141
3.5172,164
3.5454,154
3.3917,144
3.6668,152
3.5128,149
3.2538,158
3.6052,154
3.5420,146
3.3041,140
3.6419,165
3.6006,165
3.4436,150
3.4236,148
3.5189,135
3.6241,157
3.7180,145
3.7065,142
3.6936,157
3.6969,152
3.7118,161
3.6838,142
3.7067,151
3.6510,141
3.3498,168
3.8162,146
3.3693,155
3.5268,155
3.4194,149
3.3149,150
3.5576,153
3.6191,142
3.3718,163
3.4667,138
3.9268,130
3.7225,141
3.5024,143
3.2907,171
3.1381,161
3.7772,126
3.3932,150
3.5780,154
3.5703,151
3.6528,150
3.5958,149
3.5896,148
3.8264,136
3.2412,156
3.4109,148
3.9905,140
3.5525,156
3.6593,132
3.9406,135
3.5079,141
3.3022,168
3.6123,153
3.5729,137
3.8893,137
3.3314,152
3.5760,152
3.3261,154
3.2657,166
3.4384,138
3.4830,148
3.4843,154
3.3972,157
3.4271,144
3.3199,152
3.6751,151
3.4576,163
4.0059,143
3.6225,153
3.4752,158
3.3824,165
3.4332,146
3.2380,175
3.3518,167
3.5448,136
3.4294,165
3.3937,156
3.4555,156
3.4573,163
3.5387,155
3.2881,166
3.5045,145
3.4244,161
3.5239,144
3.6531,138
3.2615,164
3.3573,153
3.3747,152
3.5667,155
3.5625,153
3.5048,158
3.5291,146
3.3873,153
3.5509,161
2.9827,180
3.8121,149
3.5254,168
3.6637,136
3.3868,157
3.2243,160
3.3065,160
3.5612,147
3.0601,166
3.7265,152
3.3786,157
3.4163,151
3.1370,164
3.5244,165
3.1560,161
3.4596,151
3.2884,161
3.7644,152
3.5350,143
3.2755,160
3.6558,139
3.5359,153
3.2439,173
3.5871,159
3.5702,141
3.2130,157
3.4577,164
3.4558,150
3.2551,170
3.7267,142
3.5542,161
3.2356,165
3.6086,145
3.3344,155
3.7997,138
3.2700,177
3.6075,149
3.3944,152
3.2445,160
3.2095,161
3.5843,156
3.5844,152
3.3471,166
3.3382,171
3.2948,153
3.1886,160
3.3448,160
3.3755,152
3.6328,149
3.3768,155
3.6946,166
3.3853,150
3.5138,162
3.0605,165
3.2383,162
3.5495,162
3.4616,153
3.3677,139
3.4599,160
3.4096,157
2.9759,153
3.2693,162
3.4530,156
3.3344,168
3.2365,152
3.4542,159
3.3972,158
3.4761,154
3.5101,157
3.3615,143
3.6835,151
3.1515,164
3.4685,146
3.4131,149
3.1858,163
3.5559,164
3.6827,164
3.5651,148
3.3439,157
3.5509,131
3.2239,153
3.6273,139
3.1105,160
3.6981,152
3.6805,160
3.2903,158
3.6430,149
3.3830,155
3.4140,145
3.8590,149
3.2945,151
3.5032,137
4.0707,127
3.1174,156
3.8490,153
3.1596,154
3.4965,139
3.2976,150
3.2194,163
3.2886,153
3.1746,155
3.4549,143
3.3248,149
3.2673,170
3.1843,172
3.2906,159
3.3163,147
3.5064,148
3.5397,152
3.3954,152
3.3255,161
3.2174,163
3.4536,145
3.2668,150
3.4070,151
3.4291,146
3.5321,154
3.2634,157
3.1133,161
3.3299,160
3.2092,162
3.3877,149
3.3518,158
3.3843,153
3.4536,152
3.5600,135
3.2545,152
3.2445,162
3.3827,156
3.4073,153
3.4295,148
3.3316,160
3.2115,147
3.2129,167
3.6117,140
3.1979,167
3.6584,140
3.6850,135
3.4300,158
3.4003,144
3.5061,158
3.2468,165
3.1851,160
3.4234,151
3.2925,159
3.3169,159
2.9801,178
3.0172,158
3.3029,156
3.3293,163
3.1725,162
3.2812,161
3.3247,153
3.1725,159
3.4157,164
3.6174,130
3.4727,150
3.4681,155
3.3618,146
3.2736,142
3.2370,158
3.2989,173
3.4620,149
3.1738,158
3.3273,155
3.0521,161
3.6022,144
3.4844,150
3.4881,140
3.4605,147
3.2421,153
3.5459,158
3.3702,163
3.0433,169
3.3628,142
3.4002,144
3.0494,147
3.2466,164
3.0781,154
3.5448,139
3.7056,149
3.5039,151
3.6211,142
3.0409,167
3.5615,147
3.2224,156
3.6055,144
3.3852,166
3.3331,159
3.2915,154
3.2462,167
3.2859,163
3.4345,162
3.1499,156
3.3676,148
3.4772,140
3.4266,143
3.2725,148
3.4670,153
3.2309,172
3.4907,151
3.5380,149
3.3640,148
3.0335,169
3.0120,164
3.4703,150
3.2725,155
3.5322,152
3.0668,164
3.2656,158
3.3017,163
3.3401,173
3.1032,159
3.3200,133
3.3083,153
3.2891,164
3.6565,148
3.4557,158
3.3251,164
3.7166,145
3.3183,159
3.6404,141
3.3889,145
3.6012,151
3.3617,154
3.4746,155
3.2485,152
3.3738,155
3.2048,160
3.2750,147
3.2741,163
3.9467,135
3.3240,165
3.3520,161
3.5069,158
3.3803,163
3.0412,171
3.2177,163
3.2793,179
3.3248,159
3.0098,176
3.3212,135
3.4669,149
3.5409,147
3.3764,160
3.2362,150
3.1975,178
3.4179,151
3.0467,159
3.1794,151
3.6845,155
3.1344,168
3.5966,142
3.0671,163
3.5244,155
3.5913,156
3.1581,164
3.2453,172
3.3579,151
3.2885,163
3.1844,165
3.0312,172
3.2453,170
3.6869,154
2.9312,171
3.3169,164
3.7714,145
3.4840,160
3.1170,168
3.2618,142
3.3779,151
3.2760,169
3.1987,157
3.4026,148
3.4544,153
3.1205,161
3.2589,150
3.3044,155
3.2611,153
3.4886,151
3.4240,161
3.3090,162
3.3290,159
3.4937,166
3.1757,180
3.3142,151
3.2661,150
3.1211,155
3.0692,174
3.2052,166
3.6028,159
3.1973,153
3.2491,173
3.3456,147
3.0912,150
3.6158,134
3.1008,161
3.1351,167
3.0657,162
3.2211,153
3.1059,177
3.3285,162
3.3840,162
3.2626,170
3.3848,162
3.3738,163
3.3160,160
3.3786,154
3.2497,161
3.2980,156
2.9689,167
3.1941,167
3.2433,154
3.4875,141
3.3739,154
2.7257,171
3.5626,148
3.2630,165
2.9018,172
3.4770,155
3.4761,145
3.5205,155
3.2563,165
3.3075,152
3.4485,158
3.0627,165
3.4592,160
3.1996,166
3.1560,168
3.2652,150
3.0905,152
3.5087,141
3.5533,152
3.5236,153
3.1711,180
3.3481,158
3.5915,143
3.4408,173
3.2067,158
3.3657,154
3.2243,162
3.2082,144
3.1140,162
3.2188,149
3.2706,161
3.3036,167
3.1898,156
3.3256,153
3.0691,157
3.5010,142
3.4733,147
3.2679,159
3.1002,162
3.4256,150
3.2905,171
3.5560,148
3.1979,159
3.1282,162
3.2523,167
3.8239,168
3.3706,159
3.4189,147
2.8356,176
3.2176,157
3.3740,167
3.1295,154
3.2632,160
2.9394,159
3.0637,153
3.3808,142
3.4188,144
3.2970,154
3.1568,162
3.2905,148
3.0734,171
3.2863,159
3.6488,142
3.6231,145
3.6947,156
3.2487,155
3.4127,156
2.9933,160
3.2576,161
3.3809,154
3.8553,146
3.3581,163
3.5403,134
3.1678,168
3.4707,144
3.1150,173
3.8367,156
3.0924,161
3.4496,147
3.1738,162
3.6536,147
3.4112,163
3.3736,159
3.2522,172
3.0955,160
2.9803,157
2.9331,171
3.2018,161
3.0883,170
3.0442,163
3.2503,151
3.1066,166
3.0196,178
3.4721,152
3.3785,156
3.3944,155
3.2001,161
2.9569,162
3.5089,156
3.4733,139
2.9939,179
3.1490,150
2.8361,176
3.3174,152
3.1726,165
3.4561,146
3.3347,158
3.3504,166
3.3949,162
2.9857,173
3.4168,158
3.1990,155
2.9773,175
3.2888,160
3.1278,171
3.1497,170
2.8142,176
2.8463,169
3.5782,158
3.0142,167
3.3190,171
3.2310,164
3.5775,146
3.0695,178
3.1889,168
3.2308,148
3.1956,160
3.1092,164
3.4714,153
3.3154,144
3.2589,156
3.3851,159
3.2675,167
3.4543,158
3.3487,149
3.0774,162
3.2624,175
3.2659,160
3.3133,156
3.0856,172
3.3533,166
3.3078,153
3.2163,167
3.4266,140
3.2992,161
3.4437,157
3.5247,161
3.4923,158
3.2974,152
3.2432,148
3.3746,161
3.1410,169
3.4773,137
3.5751,157
3.2377,171
3.2786,143
3.3261,142
3.1452,156
3.4829,143
3.0086,170
3.2693,168
3.3788,148
2.8744,173
3.2641,162
3.0754,169
3.2740,165
3.1789,161
3.0763,173
3.3906,159
2.9934,161
3.1595,163
3.2236,163
3.1249,180
3.4100,146
3.1149,153
3.4200,163
3.2646,169
3.5191,149
3.0792,159
3.2735,157
3.1817,169
3.3262,159
3.3595,156
3.1284,157
3.2083,158
3.2971,145
3.2437,160
2.7468,185
3.3329,152
3.2123,147
3.2152,155
3.1853,150
3.2437,172
3.3782,152
3.7483,154
2.9319,169
3.3543,171
3.1886,173
3.0311,173
3.0808,154
3.4054,166
3.2612,170
2.9928,173
3.0948,163
3.2346,171
3.2129,160
2.9799,177
3.3729,158
3.4893,148
3.0965,155
3.2912,153
3.1610,174
3.1758,166
3.0424,170
3.2951,158
3.1809,154
3.3770,160
3.2234,168
3.1029,168
3.7324,144
3.4033,143
3.1260,161
2.9971,158
3.3299,156
3.3415,155
3.3932,148
3.0976,165
3.1040,157
3.2830,154
3.5916,148
3.3735,159
3.1825,173
3.2545,148
3.3304,170
3.2047,163
2.9595,160
3.1573,163
3.0549,172
3.3364,162
3.3399,139
3.2516,159
3.0699,158
3.0076,165
3.2529,146
3.5144,152
2.9788,177
3.2085,161
3.1506,156
3.3442,171
3.3542,170
3.1732,160
3.2394,165
3.4498,150
3.5656,142
3.1732,157
3.5274,152
3.3419,169
3.0147,158
3.6439,144
3.2115,159
3.0768,171
2.9571,158
3.4648,164
3.4469,146
3.4148,154
3.3309,173
3.1933,163
3.2906,169
2.8969,173
3.1581,164
3.1963,160
3.2291,156
3.7677,149
3.0336,143
3.2282,165
3.4670,151
3.2259,156
3.2483,162
2.9700,177
3.4795,150
3.3552,156
3.4955,144
3.4546,167
3.2512,171
3.1868,170
3.0572,171
3.4269,155
3.2656,159
3.1227,177
3.2503,169
3.4146,153
3.0203,166
2.9750,163
3.1686,166
3.1866,166
3.1879,150
3.3918,152
3.2628,158
3.0786,169
2.9525,173
3.4030,151
3.2617,153
3.1357,173
3.5732,160
3.0442,161
2.9324,163
3.2235,157
3.2642,161
3.4056,151
3.2358,142
3.3425,150
3.4653,163
3.0579,160
3.1413,167
2.8336,191
3.1874,150
3.4330,166
3.0431,161
3.2236,155
2.8980,178
3.6202,150
2.9266,169
3.2525,169
3.2885,168
3.1602,169
2.9763,165
3.1388,167
3.2791,162
2.9899,176
3.2458,169
3.1676,166
3.3069,154
3.2757,156
3.3695,158
3.2742,159
3.2098,151
3.2902,153
3.3330,150
3.2318,164
3.2825,157
3.0524,161
3.2711,161
3.4655,153
3.6286,143
3.6345,154
3.2243,161
3.1266,177
3.2915,162
3.3807,156
3.2278,157
3.2184,168
3.0725,160
3.1648,167
3.2742,164
3.3327,171
3.2588,139
3.3817,149
3.2896,155
3.2813,170
3.0529,162
3.1420,167
3.3647,150
3.2901,168
2.8339,175
3.4402,149
3.1777,153
3.4399,161
3.2729,145
3.4407,156
3.1830,181
3.0541,167
3.0026,174
3.2689,161
3.3137,158
3.1298,157
3.2387,147
2.9719,180
3.1448,159
3.1268,155
2.9964,176
2.5596,187
2.9944,163
2.9772,175
3.0887,167
3.3137,168
3.4626,156
3.2866,167
2.7444,174
3.2305,166
3.2743,166
3.0219,165
3.1042,158
3.0478,170
3.0465,160
3.2258,162
3.1811,171
3.3283,167
3.1437,159
3.0490,170
3.1934,170
3.4287,153
3.7135,142
3.2958,151
3.3458,156
3.1528,157
2.9994,166
3.3336,164
2.9950,174
3.2860,176
3.4202,148
3.1953,169
3.2102,160
3.0110,182
3.1737,158
3.0148,174
3.2459,178
3.2700,165
3.0752,159
3.3974,154
3.1414,159
3.2750,162
3.3056,143
2.6846,197
3.1474,161
3.3159,159
3.1005,167
3.3250,158
2.8980,171
3.0710,173
2.9598,165
3.0774,170
3.2082,165
3.2089,169
3.0586,168
3.4046,150
3.2409,159
3.0349,163
3.1487,177
2.9016,178
3.0556,168
3.5261,169
3.1928,157
3.5028,150
3.3956,157
2.9578,172
3.1974,171
3.1760,173
3.0426,178
3.0903,156
2.9261,181
3.1233,170
3.2155,148
2.8019,172
3.0641,153
3.3350,150
3.2662,164
3.4876,153
3.2995,167
3.0594,163
3.2571,150
3.2883,149
3.5103,157
2.8795,181
3.3415,142
3.5579,162
3.1593,154
3.4829,133
3.0936,161
3.0207,174
3.1004,170
3.2202,160
3.4030,160
3.4436,156
3.2362,162
3.2060,163
3.0354,155
3.1597,147
3.3024,162
3.1988,152
3.2482,159
3.5313,163
3.4093,160
3.4408,160
3.1066,164
2.9154,173
3.3395,157
2.9881,175
3.2493,165
3.0914,168
3.0726,166
3.0133,162
3.1281,175
3.4268,147
3.2402,142
2.8949,176
3.1758,157
2.9948,168
3.5018,151
2.8302,175
2.9986,164
3.1119,182
2.9211,173
2.8643,166
3.3075,156
3.3062,150
3.0960,170
3.0522,168
2.9958,158
3.2394,156
2.9382,166
3.1054,167
3.0963,154
3.1861,154
3.3864,157
3.5652,144
3.2378,157
3.4370,157
2.9975,171
3.1100,162
2.9412,175
3.5344,145
3.1258,162
3.1727,164
3.0929,170
3.0080,175
3.1559,175
2.9100,176
3.3062,151
3.1359,165
3.2082,152
2.8666,181
2.9897,167
3.1677,157
3.1951,152
3.1657,171
3.0839,176
3.2563,161
3.1050,160
3.0861,170
3.4058,151
2.8518,178
3.2693,166
3.1028,171
2.7860,172
3.0335,158
3.0295,167
3.1012,166
3.1897,152
3.1065,149
2.8340,173
3.3844,136
3.1323,171
3.3838,150
2.8911,182
3.1067,171
3.3077,165
3.1119,161
3.2020,150
2.9559,172
2.9911,178
3.1235,152
3.0551,155
2.9903,167
3.1315,177
3.2052,147
3.2539,164
2.7661,175
2.9668,173
3.6010,152
2.9471,160
3.0992,164
2.7473,193
3.0622,165
3.7459,158
3.3937,172
3.0956,166
3.1415,180
3.1287,166
3.0255,169
3.2305,164
3.0132,171
2.9099,166
3.1803,172
2.8691,179
3.2059,158
3.0457,169
2.8171,181
3.0984,175
2.9521,161
2.9820,167
2.9088,181
2.9893,167
3.0645,165
3.3678,167
3.0964,161
3.0872,177
2.9886,165
2.9807,176
3.1522,144
3.0148,156
2.8577,169
3.1888,171
3.0001,162
2.8947,183
3.2232,172
3.0778,172
3.1638,176
3.4262,170
2.6946,184
3.0129,156
3.2599,159
3.1088,169
2.8036,185
2.8415,155
3.0150,181
2.8838,177
3.1279,180
3.2315,168
2.9516,172
3.0598,168
3.1323,169
3.2164,157
3.1745,160
3.3795,156
3.1347,157
3.2774,167
3.1408,163
2.8360,167
2.9962,155
2.9550,172
3.5495,156
3.1752,149
3.2356,152
3.1711,163
3.0795,167
3.4374,168
3.2003,167
3.0489,169
2.9637,171
3.4491,156
3.0399,167
3.3157,154
2.7983,170
3.0103,156
3.2703,162
3.1213,158
3.0028,173
3.3870,153
3.1849,163
2.8406,179
3.1444,169
3.0009,169
3.0222,154
2.7474,180
3.1129,178
3.2654,157
2.9162,168
3.1539,162
2.7280,186
2.9085,183
3.2009,174
2.7261,189
3.1441,175
2.9005,177
3.0496,173
3.1177,171
3.2428,160
3.1480,174
3.3164,174
3.3528,179
2.9149,180
3.2775,162
3.2897,155
3.1070,166
2.9922,169
3.0514,168
3.0367,177
3.0639,161
3.0430,165
3.1001,171
3.1728,177
3.1347,157
2.9942,178
3.4650,154
3.1618,157
2.9692,176
3.0646,180
3.3141,163
3.3535,158
3.1020,167
2.9262,177
3.2358,163
2.9417,166
3.0725,159
3.1575,159
3.3985,140
2.8187,188
2.9314,182
3.2314,165
3.0827,161
2.7787,182
3.0139,151
3.0182,167
3.6506,151
3.1110,169
3.1965,155
3.0148,164
3.0299,173
2.9152,167
2.9485,161
3.1040,162
3.5369,136
2.8978,184
3.0834,171
3.2090,159
3.2049,160
3.1934,175
3.0370,173
3.0431,150
3.1113,161
3.2294,159
3.0842,161
2.8821,168
2.9914,168
3.1460,169
2.9620,166
3.0129,157
3.0249,170
3.3033,154
2.9536,167
2.9382,177
3.0784,187
3.0483,170
3.2213,165
2.9685,163
3.5031,160
3.0967,156
3.0137,165
3.1492,178
3.1866,172
3.0561,171
2.9411,175
3.1655,163
3.2694,172
2.8739,174
2.7694,180
2.9804,167
2.8902,177
2.9530,168
3.0125,168
3.2294,158
3.2943,165
3.0784,181
3.0045,165
3.3326,167
2.7853,174
2.7869,185
3.1467,170
3.2607,163
3.0270,157
3.3315,158
2.9085,162
3.3316,158
3.2370,156
3.0641,173
2.7808,172
2.9514,179
2.9712,167
3.0629,163
3.2275,158
3.3177,162
3.0521,162
3.1986,154
2.9929,172
3.1339,169
3.3055,159
2.9357,162
3.2434,161
3.2541,159
3.1894,166
3.0797,163
2.8582,181
3.2735,146
3.3549,153
2.9545,178
3.1598,160
3.2018,159
3.2922,168
2.8773,178
2.8459,173
2.9270,179
3.3553,163
3.1037,171
2.8376,167
3.1660,150
3.2226,162
2.9690,162
3.2761,153
3.1209,180
3.3388,154
3.0258,180
2.9410,177
2.8972,183
3.2922,170
3.1604,163
2.9545,165
2.7197,172
2.9540,167
3.2344,169
3.0974,168
2.7881,184
3.0181,177
3.0615,168
3.1626,163
2.9067,176
3.5048,156
2.7961,188
3.1718,164
3.2569,168
3.1069,176
2.7366,168
3.0725,167
3.1693,158
2.9029,172
2.6242,172
3.1079,166
3.2531,161
2.8220,168
2.9632,177
2.8854,174
3.1108,166
2.8870,174
3.0427,156
3.0046,177
3.1279,160
2.8753,172
2.9127,170
3.0111,172
3.0852,174
3.0856,164
2.9338,168
2.8689,170
3.1004,173
3.2241,160
3.2510,168
2.9657,181
3.1747,179
2.9768,183
2.8593,179
3.1362,171
3.1028,170
3.1997,175
3.2479,175
3.1880,148
2.9898,184
3.1375,161
3.2566,172
3.1253,172
2.9198,176
2.9717,171
3.2550,165
3.0115,163
2.9143,173
2.8782,180
3.0957,179
3.0033,172
2.8690,164
3.1088,152
3.0890,176
3.0816,175
2.7887,160
3.0818,163
3.0618,168
3.0494,173
3.1982,162
2.8800,174
3.1686,156
3.2339,174
3.0601,170
3.0196,178
2.7722,175
2.9705,171
3.0941,169
3.1034,151
3.0781,155
2.8644,169
2.8891,179
3.1289,167
3.0364,177
3.1156,177
3.1462,173
3.1225,166
3.4381,162
2.6827,182
2.9743,169
3.3036,169
3.0399,171
2.7216,180
3.0741,172
3.4522,164
3.1914,152
3.1246,166
2.9975,160
2.6685,166
3.1191,171
2.9464,177
3.1789,164
2.7243,173
3.1858,172
2.9448,163
3.5730,154
3.0152,167
3.1948,169
3.3101,169
2.8175,185
3.2247,150
2.8899,183
2.7211,187
3.0431,170
2.7035,169
2.8131,169
3.2106,179
3.1114,177
3.0070,175
2.6825,181
2.9672,166
2.9031,173
2.9277,162
3.0808,172
3.1288,160
3.0106,167
2.5929,184
3.1209,160
2.9104,181
3.1073,167
3.0254,170
2.8480,167
3.0978,163
3.0791,161
3.3464,160
2.9293,178
3.1713,164
2.9759,178
2.8772,177
3.1404,165
2.9787,179
2.8257,170
3.3683,154
2.7210,193
2.7099,180
3.0519,168
3.2045,163
3.1229,150
3.1817,165
2.8049,185
3.0251,177
3.0768,163
3.1028,173
3.2643,161
2.9019,191
3.0541,161
3.1408,164
3.0208,157
3.0552,169
3.2595,160
3.1994,174
2.9805,168
2.9069,179
3.1941,176
2.9598,172
3.0310,188
3.2628,155
3.2308,173
3.0027,166
3.0885,182
3.1190,171
2.7029,176
2.7929,171
3.1337,164
3.1898,167
3.0755,161
3.1344,163
2.8208,183
2.9090,171
3.0633,163
3.0478,162
3.1476,165
2.9000,169
2.9115,180
2.9282,182
3.4758,147
2.8456,175
2.9666,161
3.0172,174
3.0838,176
3.1441,176
3.0381,166
2.9273,170
3.1644,173
3.3278,161
3.0474,160
3.1289,168
3.2366,166
3.1542,170
3.1841,172
2.8446,159
2.9973,183
3.2266,166
2.6761,190
2.8776,176
3.1928,162
3.0476,175
3.2646,150
3.4529,138
3.0161,163
2.9649,167
3.0458,167
3.2346,170
2.8479,166
2.7430,187
2.9685,169
3.0902,173
2.9833,164
3.2184,161
2.9907,171
2.7385,158
2.8445,177
3.2768,166
3.0187,183
3.0568,183
2.9707,174
2.9352,168
3.0176,166
2.7910,172
3.0826,163
2.8271,188
2.6843,184
3.1148,172
2.9410,175
2.9069,169
2.8928,186
3.3491,164
3.2925,168
3.2379,159
3.0206,163
2.8812,176
3.0426,164
2.9225,184
2.9033,167
2.8546,181
2.9446,170
3.1723,170
2.9360,176
3.1085,161
2.9541,167
2.9731,158
2.6846,173
2.8156,165
2.8650,180
2.7752,173
2.7551,180
2.9091,180
3.3755,160
2.4704,193
3.1310,171
2.9790,161
2.9502,174
2.8791,179
3.1685,157
2.7411,187
2.8311,179
3.4096,161
2.9614,169
3.0193,177
3.2760,167
3.0465,156
2.9064,160
3.1129,164
2.8478,174
3.0991,162
3.0249,158
3.0158,178
3.1899,158
2.8928,187
2.6991,190
2.7988,176
3.0365,178
3.2704,167
2.9956,178
3.0528,163
3.0545,170
3.3380,168
3.1227,163
3.2406,163
3.0672,169
2.9514,167
3.2305,170
3.1998,159
3.1976,172
2.9834,166
2.9519,170
2.6692,193
2.8009,164
3.0274,166
2.9933,184
2.9264,167
2.8772,183
2.8849,183
2.6251,178
3.2693,151
3.0770,160
2.8584,189
3.5062,162
2.7253,185
2.9331,177
3.2098,168
2.9986,181
2.9472,166
3.0968,175
3.1208,171
2.8997,192
2.8999,184
2.8953,181
2.8419,167
3.2352,161
2.9616,168
2.9999,175
2.8364,167
2.9502,162
3.1148,173
2.8545,186
3.1672,179
3.0957,169
2.7073,185
3.2428,161
2.8265,174
2.8436,166
3.0542,158
2.9946,173
3.1349,157
2.9866,157
3.0538,162
2.7948,176
3.1555,154
3.1227,170
3.3120,147
3.2806,165
2.8489,186
3.0961,168
2.8864,163
2.8457,168
2.8170,189
2.9409,198
2.8266,171
3.1053,169
3.1329,162
3.2394,154
3.0627,168
2.9795,170
2.7038,196
3.0473,161
3.1906,170
3.1186,172
2.7800,181
2.6000,183
2.9422,169
2.9815,171
2.8517,172
2.8595,156
2.9193,172
2.8837,171
2.7099,200
2.8488,172
3.0449,169
2.9259,172
2.8990,177
2.9627,169
3.1389,166
2.9986,176
2.8825,176
3.2449,167
2.9187,171
3.0853,159
2.9949,165
3.0549,160
3.1092,175
2.7013,192
3.1041,174
2.7358,172
3.1179,160
2.8267,169
2.9391,163
2.8385,159
2.9271,171
3.0908,157
3.0071,175
2.9313,171
2.7492,198
2.8189,171
3.1393,173
2.8170,178
3.0888,172
2.9652,177
2.9674,175
2.7451,172
3.0665,169
3.0678,162
2.5338,202
2.7227,189
3.1122,174
2.9559,176
2.8470,168
3.0969,191
3.3087,173
3.1115,164
2.9351,168
2.7252,185
3.0090,168
2.7777,185
3.0436,160
3.1961,177
3.0881,160
2.7983,159
2.6856,184
2.7434,164
2.8873,178
2.8774,183
3.0057,177
2.5049,201
2.9873,165
3.0164,176
2.9236,173
2.8525,179
3.1361,173
3.0538,162
3.1599,170
2.5926,179
3.4780,160
2.9714,177
2.8222,157
2.9263,176
2.8491,178
2.8920,165
2.9027,179
2.9414,178
3.0016,154
2.7693,180
2.9911,172
3.1941,186
3.0561,184
3.1496,167
2.9849,172
2.7735,175
3.1721,154
2.8922,195
3.0172,176
3.0880,173
2.7193,189
3.2737,163
2.8571,174
3.1775,157
2.8450,159
3.2049,177
2.9283,168
3.1905,157
2.7387,183
2.9908,187
2.9446,189
3.0700,167
2.9074,155
2.8609,186
2.9972,165
3.0619,157
2.9435,176
2.7990,173
2.6985,180
2.7869,160
2.8945,186
2.9378,173
2.6598,181
2.8424,185
2.8576,178
2.5246,185
2.7598,186
2.9749,185
2.7621,162
2.9098,160
2.8592,175
2.9913,176
2.7399,186
2.9615,188
2.7321,185
3.1582,169
2.8277,182
2.8273,179
2.8984,183
2.8383,191
3.1102,179
2.8113,190
3.1062,167
2.9476,173
3.1156,174
2.9622,164
3.0046,172
3.0847,171
3.2523,164
2.7717,178
2.8663,179
2.7545,182
3.0790,166
2.6642,172
2.7784,182
3.2592,153
3.1253,156
2.9683,184
2.7496,192
3.1362,164
2.9451,171
2.9172,184
3.0615,169
3.3447,166
2.9866,169
3.2619,156
2.8996,169
2.6761,198
2.8899,182
2.8748,180
2.8356,180
2.8117,180
2.9507,174
3.0447,165
2.5318,178
3.1545,175
2.9798,181
2.9484,173
3.0589,161
3.1507,171
3.0097,165
2.6587,177
3.0074,187
2.7676,193
2.6585,185
2.5083,184
2.7545,175
3.0864,177
2.7462,171
3.1294,164
2.7093,191
2.8212,183
3.0706,171
2.8439,178
2.6990,178
3.0145,176
3.2700,163
3.1185,174
3.1952,171
2.8447,183
2.6155,185
2.9183,176
2.7274,169
2.9214,179
3.0163,159
3.2197,174
3.0324,161
2.7722,165
2.7543,174
3.0843,169
3.0294,175
3.2373,158
2.7665,177
3.0009,176
2.8316,165
2.8828,171
2.9358,187
2.8542,166
2.8279,184
3.0096,153
2.9459,169
2.7191,185
3.4007,165
3.0527,155
2.7308,186
2.8517,175
2.6174,193
2.9875,175
2.6569,182
2.6109,188
2.9947,170
2.8812,180
2.5563,181
2.9104,175
2.9321,176
2.8980,174
3.0172,170
2.8034,194
3.0991,155
2.9449,184
2.8405,183
2.7260,185
3.0042,184
2.6614,179
3.0524,159
3.0570,169
3.5177,164
2.8558,160
2.9151,171
2.9124,175
3.1063,174
3.0188,171
3.0093,186
2.8810,169
2.6639,174
2.5474,185
2.6828,170
3.1543,162
3.0586,174
2.5355,196
3.1410,176
3.0496,164
2.6648,185
2.8650,185
2.7633,181
2.9112,180
2.7325,181
2.7877,184
2.9577,170
2.8860,174
2.8558,170
2.6701,173
2.8790,166
2.8733,188
3.0408,174
2.6643,178
3.2051,174
2.4832,201
2.7026,180
2.9257,168
2.6776,193
2.8253,169
2.7500,183
2.7156,176
2.8369,186
2.9337,170
2.8854,165
2.8772,167
2.4970,187
2.9225,165
2.8641,186
2.8619,178
2.9015,170
3.0481,169
2.7952,193
2.6505,174
2.9406,182
3.0735,169
3.2223,172
2.7493,176
2.9344,167
2.8355,179
3.0508,158
3.0078,173
2.9933,183
3.0990,169
2.9190,174
2.7213,181
2.9945,190
3.3339,157
2.8067,182
2.7925,184
3.0920,198
3.2753,157
2.6041,181
2.7356,180
3.2692,164
2.8261,189
3.1795,176
2.8910,176
2.8674,172
2.8596,182
2.4353,194
2.8883,166
2.9117,168
2.8300,188
3.0515,164
2.7962,181
2.6712,189
2.7173,185
2.8932,168
3.0671,166
3.3688,166
2.8834,178
2.9239,183
3.0345,178
3.1372,170
3.2566,178
2.9502,158
3.0565,169
2.9580,185
2.9468,179
2.6964,178
2.7747,188
2.9458,165
2.4954,202
2.7595,183
2.7957,176
2.9555,165
2.9971,164
2.9757,171
2.9134,183
2.8336,173
3.1255,153
3.1811,176
2.7309,170
3.0603,173
2.9782,177
3.0171,173
2.6406,187
3.0176,183
2.6041,171
2.7742,184
2.8087,181
2.5167,204
2.7781,184
3.0924,169
2.7446,182
2.8346,163
2.7129,178
2.8581,178
2.8111,185
2.7983,183
2.8611,185
2.9839,185
2.8326,176
3.0215,174
2.9665,184
3.0052,174
2.9679,169
3.1105,177
2.9716,167
2.9629,197
3.1805,165
3.1137,168
2.8180,184
2.7927,192
3.1046,173
2.7436,186
2.9259,167
2.8542,180
2.9220,181
3.0662,178
2.8042,182
2.6432,195
2.9892,181
2.7062,196
3.0834,175
2.5474,183
2.9403,168
2.7004,187
3.0005,167
2.8355,183
3.0468,176
2.8263,183
2.6812,178
2.9086,180
2.7330,189
2.6148,179
2.7507,180
2.8373,167
2.8509,158
2.6259,198
2.7249,177
2.8594,171
2.6165,192
2.8096,183
2.8593,181
2.8708,185
2.7509,189
2.8211,170
3.1015,178
2.7523,188
2.7990,170
2.8071,189
2.8253,173
2.6564,185
2.8658,157
2.6951,169
2.6332,180
2.9986,186
2.6194,201
3.0354,155
2.6225,181
2.9106,166
2.8099,185
2.5907,197
2.7488,180
2.7025,185
2.9552,170
2.9656,180
3.0178,171
2.7674,164
2.7301,181
2.7954,185
2.7736,182
3.2070,178
2.9026,192
3.0345,162
3.1303,170
2.7978,176
2.8641,165
2.7566,184
2.7305,191
2.8164,160
2.9860,172
2.9681,172
2.8266,165
3.1866,170
2.8346,187
2.9556,179
2.8155,181
2.8910,175
2.8503,169
2.8993,188
2.7878,176
2.5983,184
2.7833,184
2.8555,167
2.7551,173
2.7161,185
2.9130,171
2.6793,185
2.7638,193
2.9175,176
2.8310,181
2.7509,188
2.4957,206
2.6630,175
3.0599,161
2.6350,183
2.8638,190
2.8745,175
2.8507,182
2.8792,188
2.8329,170
2.8497,176
2.9547,177
2.3292,202
2.5703,181
3.2302,165
2.9739,180
2.7980,183
2.9411,180
2.5508,190
2.7566,188
2.6360,195
3.0999,179
2.8907,155
2.9280,164
3.0789,173
2.6732,211
2.7618,186
2.7696,194
3.1756,177
2.6645,181
3.0288,157
2.8050,177
2.5744,195
2.7585,186
2.9896,165
2.8224,185
2.8215,177
3.0242,175
2.9844,179
2.6123,188
2.8066,170
2.6528,182
2.6496,190
2.6463,189
2.7760,175
3.1027,182
2.6645,192
2.4216,176
2.9019,177
2.5996,195
2.6327,193
2.7818,181
2.9803,181
2.5973,190
2.8411,179
2.6495,169
2.7563,175
2.7357,170
2.6321,182
2.4401,196
2.5523,189
3.0577,165
2.6232,191
3.0178,158
2.8862,175
2.9683,181
2.6178,176
2.7694,182
3.0563,182
2.7984,178
2.7789,188
2.8983,184
2.8064,167
2.6097,201
2.7527,179
2.9516,174
2.7384,180
2.7590,182
2.5440,180
2.7776,191
3.1592,175
2.6954,184
3.1120,171
2.8195,190
3.0566,159
2.4909,192
2.9957,184
2.6520,196
2.8886,187
2.6776,177
2.8927,178
2.5131,195
3.0314,181
2.8871,190
2.6591,180
2.6754,184
2.7780,177
2.7138,189
2.9618,174
3.2604,173
2.6443,185
2.9610,179
2.8842,173
3.0120,173
2.8403,175
2.9222,176
2.5704,186
2.8584,166
2.9546,164
3.0015,181
3.0310,180
3.1148,166
2.9005,173
2.9960,168
2.7167,189
2.7397,178
3.0046,180
3.1403,165
2.8284,181
2.9558,165
2.5088,188
2.8080,179
2.7962,183
2.9442,168
2.7323,176
2.5996,193
2.7599,181
2.7054,179
2.7780,174
2.6484,189
2.4713,204
2.3837,218
2.6566,172
3.0852,174
2.6786,186
2.5616,197
2.9046,172
2.8535,176
3.0295,162
2.7345,178
2.7939,185
2.9439,175
2.5830,195
2.7610,181
2.9947,161
2.5985,200
2.8025,180
2.7009,187
2.9473,170
3.0486,173
2.6216,181
3.0894,175
2.5428,168
2.8288,176
2.5853,174
3.1949,157
2.8731,175
2.9344,176
2.9022,177
2.9049,185
2.8897,161
2.8054,182
2.8967,171
2.8763,182
2.8036,186
2.7795,192
2.9068,193
2.9004,181
2.9090,170
2.7020,185
3.0045,181
2.5370,178
3.0153,169
2.9126,174
2.9777,168
2.7947,176
2.8052,182
2.9886,171
2.1930,212
2.7299,199
2.7670,195
2.8345,187
2.8465,193
2.7907,176
2.7990,186
3.1888,167
2.8157,175
3.1140,166
3.2198,167
2.6750,169
2.9203,175
2.8974,178
2.9356,182
2.9285,184
2.9006,163
2.3946,200
2.9182,180
2.6704,187
2.7630,172
2.6664,182
2.6507,165
3.0534,175
2.8029,173
2.9171,190
2.9797,174
3.0098,178
2.8077,165
2.7256,177
2.9289,180
2.7862,199
2.6050,185
2.7091,174
2.7221,184
2.5351,191
2.9434,169
2.5939,190
2.7710,171
2.7102,177
2.8038,179
2.9931,172
3.1095,171
3.0190,193
2.5746,194
2.7581,174
2.6766,196
2.7349,186
2.9080,186
2.7176,180
3.0146,207
3.0213,180
2.9284,183
2.8636,171
2.8228,189
2.7430,191
2.8183,181
2.6371,185
2.6470,208
2.7978,187
2.6261,188
2.5307,187
2.7155,181
3.0207,172
2.7770,178
2.6761,191
2.7362,179
2.6636,180
2.8353,184
2.5705,188
2.8745,184
3.1914,169
2.7532,194
2.9275,174
2.7164,175
2.8499,176
3.0725,195
3.0435,177
2.6941,172
2.5231,182
2.9209,172
2.9100,176
2.8928,179
2.5204,191
2.6357,198
2.4973,191
2.6634,190
2.7447,186
2.6214,183
2.9345,168
2.5468,198
2.7756,194
2.5578,191
2.9927,196
2.7271,182
2.5053,194
3.0864,174
3.2041,183
2.5285,188
2.7609,187
2.8603,195
2.8980,186
2.5403,193
2.7802,175
2.7034,183
2.7122,169
3.2085,166
3.1504,170
2.8039,186
2.7828,192
2.8447,187
2.8361,172
2.4566,199
2.7646,178
2.6832,190
2.6451,180
2.5149,188
3.0000,177
2.6549,196
2.6403,174
2.7438,176
2.5899,188
2.6945,178
2.6542,188
2.6842,180
2.6148,192
3.0044,170
3.0456,171
2.5125,187
2.4854,186
2.6614,200
2.8294,178
2.7697,195
2.8880,177
2.8462,187
2.5488,198
2.7518,187
2.8266,193
3.0418,167
2.7267,189
2.6891,182
2.5803,198
2.5647,191
2.6999,191
2.5648,194
2.7442,173
2.6943,174
3.0649,170
2.9289,184
2.6805,195
3.1536,182
2.6729,183
2.7400,192
2.5388,199
2.9263,162
3.2604,158
2.5872,177
2.6646,193
3.0457,165
2.9685,182
2.6986,200
3.0243,168
2.7364,173
2.6375,182
2.7595,180
3.0163,166
2.8717,172
2.7048,181
2.9025,175
2.6030,185
2.8080,172
2.7601,177
2.7692,177
2.9397,182
2.4440,179
2.6300,189
2.5973,183
2.7571,183
2.8158,193
2.9801,168
2.7136,198
3.1362,172
2.7675,180
2.6515,190
3.0285,180
2.7001,173
2.8171,198
2.8384,185
2.4035,197
2.8720,180
2.7848,178
2.6391,181
3.1553,172
2.6234,190
2.4884,193
2.6582,184
2.5863,183
2.8620,182
2.4844,188
2.8995,190
2.6972,179
2.7249,184
2.7449,186
3.2731,158
3.0160,176
3.0860,154
2.5053,191
2.7857,184
2.6258,197
2.6810,181
2.5630,201
2.7879,174
2.6220,196
2.9862,187
2.8471,170
2.5196,184
3.0559,183
2.8275,174
2.9555,188
2.9230,198
2.8974,182
2.8446,177
2.7694,184
2.7745,189
2.5292,190
2.6835,169
2.7108,183
2.7099,178
2.4817,187
2.8486,185
2.6477,199
2.3736,200
2.6524,171
2.7961,181
2.6930,185
2.6778,186
2.7458,178
2.9009,175
2.5555,179
2.6838,187
2.8058,174
2.7521,198
3.0178,180
2.8411,186
2.5721,195
2.6346,207
2.7532,171
2.7859,183
2.7687,174
2.3572,199
2.5444,196
2.6707,198
2.7223,199
2.7646,184
2.9539,177
2.9772,174
2.4858,191
2.7347,173
2.7210,198
2.7617,186
2.7849,186
2.7819,173
2.7834,167
2.6772,193
2.7158,198
2.7692,185
2.6154,186
3.1978,165
2.8085,173
2.7523,176
2.7646,180
2.7159,182
2.6252,175
2.9303,160
2.5389,190
2.6761,185
2.6031,184
2.8683,191
2.9887,173
2.8889,189
2.6210,169
3.1001,171
2.8196,185
2.8161,180
2.7053,182
3.1535,177
2.7759,178
2.9083,186
3.0358,175
2.5752,198
2.7652,185
2.7338,182
2.5068,198
2.7249,197
2.7236,184
2.7469,184
2.6457,196
2.8653,184
2.9401,172
2.9760,169
2.6093,195
2.5153,191
2.7171,190
2.7209,184
2.6595,166
2.7098,171
2.7491,185
2.5445,202
2.5196,191
2.8631,185
2.6167,184
2.5067,211
2.5405,182
2.4568,181
2.7434,175
2.8624,181
2.9790,195
2.6734,190
2.7771,185
2.5795,174
2.6815,185
2.6885,181
2.9277,179
2.8404,167
2.5127,201
2.7630,183
2.5189,195
2.8163,171
2.6585,192
2.6791,184
2.6894,189
2.3272,180
2.9159,181
2.8293,196
2.6107,181
2.8186,181
2.8681,178
2.7371,175
2.8554,197
2.7365,188
2.6637,177
2.8668,189
2.4352,190
2.6876,184
2.8662,192
2.8647,191
2.7901,179
2.8690,171
2.5047,192
2.5673,193
3.0018,179
2.9618,182
2.6554,189
2.5366,198
2.9578,185
2.7007,181
2.5166,198
2.6953,180
2.7729,176
2.4750,209
2.5218,179
2.6377,196
2.7145,191
2.7188,189
2.3993,191
2.9428,180
2.8245,205
2.6855,188
3.0592,170
2.7540,185
2.9022,202
2.4586,202
2.8604,184
3.1152,188
2.5178,190
2.7635,182
2.7471,183
2.7631,167
2.7047,198
2.6310,183
2.8370,181
2.6552,174
2.9375,189
2.9587,188
2.6126,189
2.6401,190
2.8604,179
2.5125,182
3.1336,174
2.4336,204
2.9318,176
2.6122,188
2.7321,178
2.6758,183
2.7687,185
2.6824,177
2.6923,194
2.8327,177
2.7904,190
2.6768,199
2.6352,181
2.8979,180
2.5975,186
2.6552,164
2.6949,178
2.4388,190
2.5706,192
2.5406,196
3.1889,186
2.7678,179
2.4197,192
2.7103,175
2.6875,197
2.7066,191
2.9810,185
2.7175,187
2.6948,183
2.8917,176
3.0340,177
2.7385,187
2.9683,173
2.9358,181
2.5779,191
2.7580,186
2.5035,195
2.6878,173
2.7070,164
2.4809,181
2.7480,185
2.8791,176
2.6252,179
2.5246,208
2.6665,181
2.6218,193
2.7407,197
2.5042,210
2.5442,199
2.5352,192
2.4016,206
2.7438,182
2.7540,174
2.7708,193
2.5206,190
2.5692,182
2.7363,203
2.6893,192
2.7458,179
2.4262,191
2.7107,191
2.7157,185
2.5151,194
2.5617,193
2.7536,181
2.6219,191
2.7714,194
2.6217,182
2.6253,181
2.5746,185
2.8685,184
2.6821,190
2.9785,182
2.7718,183
2.4806,204
2.7047,203
2.4468,208
2.6109,195
2.5593,183
2.9770,166
2.7541,179
2.7559,174
2.4746,197
2.4579,195
2.4926,190
2.3077,203
2.6174,198
2.5566,195
2.4818,183
2.7776,188
3.0211,174
2.8944,178
2.7356,198
2.6645,175
2.6870,181
2.9572,186
2.5592,197
2.6356,184
2.6229,197
2.6797,201
2.8317,177
2.8658,173
2.5255,196
2.7613,200
2.4706,190
2.9489,175
2.5671,205
2.8508,190
2.6435,199
2.7686,201
2.5927,194
2.5604,191
2.9287,189
2.7079,180
2.7123,191
2.5359,193
2.5092,184
2.3905,197
2.4957,190
2.5261,187
2.6205,187
2.7408,177
2.6341,192
2.6606,181
2.8766,182
2.6618,192
2.7946,170
2.6555,182
2.2986,195
2.9305,187
2.5795,195
2.6078,205
2.7414,186
2.6934,193
2.6590,190
2.5924,187
2.6786,174
2.9683,168
2.8757,174
2.8908,163
2.7113,191
2.5961,208
2.7325,179
2.7768,170
2.5712,206
2.6675,186
2.5879,182
2.4858,191
2.7142,192
2.6299,200
2.8607,175
2.6657,193
2.6827,189
2.9527,178
2.7734,175
2.5503,200
2.6617,191
2.6552,193
2.8295,173
2.5655,182
2.6027,183
2.7474,189
2.8762,189
2.5636,188
2.7580,183
2.5458,196
2.5985,173
2.5516,197
2.4921,187
2.4020,192
2.6157,192
2.7089,189
2.7284,187
2.8234,192
2.6595,175
2.7884,179
2.7899,200
2.5226,203
3.0076,185
2.6732,175
2.8705,180
2.6609,182
2.8664,186
2.6625,195
2.5991,190
2.8364,188
2.8571,184
2.8280,181
2.7019,191
3.1839,165
2.6354,192
2.6142,189
2.5428,198
2.7108,185
2.8350,180
2.7006,205
2.4864,195
2.8310,171
2.4742,194
2.7801,181
2.7209,170
2.6304,203
2.8722,175
2.6225,192
2.6563,177
2.9768,184
2.7265,186
2.6482,197
2.5895,203
2.4295,193
2.8396,177
2.8192,177
2.9100,175
2.2520,213
2.7837,181
3.0263,175
2.4922,196
2.6024,196
2.5050,211
3.0005,180
2.8722,171
2.6057,180
2.7931,201
2.5453,200
2.8736,183
2.8195,174
2.6453,191
2.6579,189
2.9045,181
3.1216,177
2.6054,184
2.4369,190
2.8537,171
2.6482,191
2.5334,188
2.6096,184
2.6813,191
3.0789,178
2.8740,183
2.4356,201
2.5665,194
2.6601,193
2.7380,174
2.4655,193
2.8515,171
2.4814,204
3.0100,171
2.7036,198
2.6383,192
2.7778,199
2.8391,193
2.5153,199
2.6671,178
2.9815,179
3.0024,173
2.4361,194
2.6966,182
2.6425,176
2.6230,196
2.3844,199
2.4755,193
2.6501,190
2.8855,187
2.8390,187
2.8461,179
2.8541,174
2.8833,179
2.6367,180
2.8747,199
2.5892,185
2.7384,188
2.5548,186
2.6727,193
2.6891,197
2.7938,190
2.9551,184
2.4603,192
2.7933,191
2.8638,183
2.1860,214
2.7826,190
2.7736,191
2.5720,188
2.3414,185
2.8420,174
2.5333,189
2.3690,209
2.3926,207
2.8112,198
2.6647,192
2.6611,191
2.6978,197
2.8347,174
2.9047,193
2.6599,188
2.7345,196
2.3934,188
2.4462,199
3.0713,182
2.6637,191
2.5926,200
2.5546,204
2.8103,190
2.6693,195
2.7768,173
2.7560,178
2.6242,208
2.7803,184
2.7087,182
2.5828,194
2.7951,180
2.6054,185
2.9903,167
2.6651,175
2.8648,186
2.5203,192
2.8662,188
2.6311,192
2.8132,179
2.3766,207
2.5112,185
2.3849,205
2.5080,173
2.6810,190
2.4110,210
2.7228,200
2.7118,182
2.5630,206
2.5727,207
2.4700,194
2.9131,183
3.1037,162
2.5118,187
2.6152,202
2.7802,195
2.8799,193
2.6979,184
2.9065,190
2.3726,211
2.9160,190
2.4854,202
2.6737,186
2.5949,183
2.8301,196
2.8519,186
2.6296,198
2.5656,193
2.4615,185
2.9283,184
2.7310,189
2.4196,194
2.7551,195
2.4873,195
2.7389,184
2.5810,183
2.3229,193
2.6499,184
2.8018,190
2.5570,192
2.3213,200
2.5018,195
2.6607,192
2.7332,191
2.7155,183
2.7497,189
2.8543,187
2.5181,194
2.6673,200
2.5338,203
2.8099,193
2.6906,196
2.4783,190
2.5153,193
2.6747,188
2.4784,198
2.4126,197
2.6629,197
2.6409,184
2.6974,182
2.5181,198
2.5280,184
2.6165,186
2.6536,204
2.9436,185
2.6898,189
2.8247,185
2.7863,187
2.8219,206
2.7807,173
2.8493,182
2.6604,180
2.8480,195
2.5262,193
2.2995,204
2.7782,187
2.8723,184
2.8453,182
2.8415,178
2.8830,173
2.5622,191
2.8557,182
2.4287,188
2.4294,197
2.5311,201
2.8465,182
2.8042,184
2.4691,205
2.5575,204
2.4020,195
2.6273,184
2.5308,185
2.4587,182
3.0249,188
2.6230,188
2.5931,196
2.5790,193
2.7682,189
2.6556,193
2.6089,193
2.6049,190
2.4379,197
2.4077,193
2.4982,208
2.7116,173
2.7013,188
2.6288,197
2.4911,182
2.6142,188
3.0163,190
2.7930,187
2.3515,208
2.3270,196
2.3607,204
2.7623,197
2.6255,181
2.6135,187
2.7785,185
2.3300,201
2.5245,191
2.5246,210
2.7437,189
2.6304,184
2.6773,180
2.2803,199
2.4666,196
2.4610,182
2.4790,195
2.8456,185
2.7212,184
2.5507,185
2.5576,193
2.6360,190
2.7408,183
2.6026,194
2.4942,190
2.5675,199
2.5252,194
2.4811,200
2.6225,181
2.7309,182
2.7208,185
2.6959,184
2.2192,204
2.3450,213
2.7068,195
2.4710,201
2.5837,202
2.4965,189
2.5581,182
2.5944,176
2.3940,201
2.6296,197
2.4904,183
2.8533,187
2.6179,188
2.3199,189
2.6092,193
2.3830,202
2.9726,183
2.3920,199
2.4891,197
2.7241,188
2.4596,192
2.9609,176
2.4431,175
2.7680,173
2.3906,202
2.7506,197
2.7101,199
2.6369,178
2.3649,187
2.6500,191
2.8851,201
2.7024,175
2.6039,188
2.4000,201
2.4049,188
2.6665,172
2.6825,195
2.6185,199
2.7179,174
2.6144,192
2.6769,195
2.7159,196
2.6596,185
2.5084,195
2.9825,169
2.6439,202
2.5667,186
2.6767,179
3.0316,183
2.8220,176
2.6998,191
2.5626,183
2.5539,193
2.5044,194
2.6416,173
2.6293,188
2.6821,180
2.4647,203
2.4813,198
2.5236,192
2.6893,191
2.6619,182
2.4788,194
2.4988,183
2.5829,193
2.7621,175
2.7922,192
2.5646,194
2.5764,179
2.6272,188
2.5649,193
2.4617,188
2.5974,187
2.1679,213
2.8301,185
2.6904,183
2.3771,211
2.6718,187
2.5240,170
2.6617,184
2.4393,185
2.6187,200
2.6986,175
2.7524,186
2.7578,180
2.7148,184
2.6916,195
2.4311,193
2.9649,174
2.5211,195
2.5532,181
2.4367,191
2.5963,182
2.7593,178
2.3070,197
2.5759,195
2.5718,184
2.7426,188
2.5594,189
2.6126,185
2.6260,189
2.7921,179
2.8651,176
2.5204,177
2.6917,192
2.6726,182
2.8179,178
2.2651,207
2.9226,177
2.4793,208
2.3460,195
2.4531,205
2.4380,208
2.9393,179
2.2769,212
2.6856,186
2.3034,208
2.5564,182
2.6281,207
2.6745,182
2.6147,201
2.6323,192
2.4313,199
2.7454,187
2.6106,186
2.4442,196
2.6311,200
2.7413,175
2.6993,200
2.3782,187
2.3818,201
2.3461,190
2.7997,191
2.7891,185
2.8207,185
2.6471,196
2.7239,204
2.7525,184
2.5623,186
2.5278,206
2.6069,196
2.3215,210
2.5624,192
2.5949,205
2.4470,199
2.3908,202
2.2617,203
2.8408,190
2.6079,198
2.9913,174
2.5526,197
2.5926,174
2.3892,206
2.6812,193
2.4956,205
2.6552,207
2.7293,183
2.4775,199
2.5115,184
2.5683,200
2.5505,199
2.6467,189
2.4122,210
2.6129,190
2.5667,183
2.7682,195
2.5948,188
2.4626,191
2.5663,178
2.7850,193
2.3318,205
2.7014,192
2.6237,196
2.6013,191
2.6430,204
2.6067,192
2.6145,189
2.5254,208
2.6658,178
2.6395,195
2.5455,199
2.4680,190
2.6709,188
2.7251,180
2.7476,193
2.5220,203
2.4461,198
2.7122,184
2.6928,195
2.4455,206
2.6603,188
2.8326,181
2.4782,180
2.3201,195
2.4195,193
2.7034,191
2.6042,191
2.2436,190
2.6312,189
2.5792,187
2.5371,183
2.6486,192
2.7392,182
2.6075,198
2.6048,191
2.5562,185
2.7101,189
2.7860,186
2.8077,187
2.2564,204
2.5755,206
2.5118,208
2.5688,187
2.3794,193
2.5962,191
2.6115,189
2.3237,196
2.6285,196
2.3967,187
2.8421,181
2.5943,178
2.6901,193
2.4389,204
2.7698,188
2.4359,181
2.7405,188
2.6482,194
2.6147,187
2.5915,187
2.8265,189
2.8222,189
2.6017,192
2.6085,188
2.6928,201
2.4956,193
2.4207,201
2.8112,177
2.4353,194
2.3111,204
3.0312,188
2.7803,196
2.6012,195
2.6028,198
2.5456,198
2.3790,199
2.5901,183
2.6996,200
2.7284,183
2.4963,182
2.6399,192
2.4870,191
2.5849,193
2.4741,188
2.6442,185
2.6212,197
2.6564,190
2.6178,192
2.7308,177
2.4709,208
2.7380,175
2.6680,175
2.9098,176
2.5917,185
2.4139,198
2.6985,191
2.4879,208
2.6557,184
2.6861,193
2.4752,199
2.8307,183
2.7733,195
2.5975,196
2.6893,196
2.6831,192
2.6255,196
2.4453,209
2.5485,197
2.5355,189
2.4135,203
2.5035,192
2.6410,188
2.5326,199
2.4848,188
2.5536,208
2.6501,199
2.2836,202
2.6947,177
2.7344,180
2.4268,194
2.6062,193
2.6735,175
2.8299,184
2.7540,186
2.4605,201
2.5755,195
2.4865,185
2.2745,222
2.4134,205
2.6750,184
2.6523,183
2.7414,182
2.5400,193
2.4586,200
2.6182,201
2.6794,189
2.5802,183
2.4862,209
2.3165,200
2.4540,194
2.6761,216
2.7042,175
2.5901,190
2.7554,179
2.5873,193
2.9800,188
2.5793,196
2.6515,187
2.5046,197
2.6411,192
2.2563,205
2.9044,180
2.6912,207
2.6540,204
2.4704,196
2.6149,188
2.2435,202
2.4229,183
2.5791,194
2.6280,190
2.6017,190
2.3589,206
2.6721,193
2.7548,198
2.9185,184
2.7530,197
2.4952,205
2.6151,188
2.5094,200
2.6293,185
2.6119,192
2.4499,190
2.8894,183
2.3848,205
2.6356,176
2.6805,189
2.7265,192
2.5017,193
2.3906,193
2.4213,188
2.5409,210
2.8419,178
2.5360,192
2.5280,190
2.7432,188
2.5370,208
2.6382,199
2.3436,217
2.9310,199
2.7985,172
2.5254,192
2.7100,180
2.4687,204
2.6131,183
2.3068,201
2.7444,189
2.5089,206
2.3943,204
2.1874,229
2.6750,189
2.5022,192
2.6118,184
2.7634,187
2.4646,209
2.6085,198
2.5633,186
2.3128,220
2.1796,198
2.4510,198
2.1614,221
2.6792,181
2.5377,191
2.5434,215
2.7916,185
2.4028,198
2.6682,199
2.6053,195
2.4204,197
2.5802,196
2.2287,203
2.2852,216
2.5930,180
2.5227,203
2.3525,207
2.5424,202
2.6990,187
2.5228,199
2.5952,184
2.7372,183
2.4637,205
2.7365,180
2.4849,209
2.2869,202
2.2681,214
2.5218,208
2.5094,191
2.5958,192
2.3281,199
2.5750,200
2.7259,183
2.4397,211
2.3801,201
2.4127,208
2.4868,206
2.8704,191
2.5579,203
2.4591,198
2.2713,195
2.5562,204
2.6874,185
2.5619,209
2.4742,205
2.3464,195
2.4353,187
2.7010,203
2.4858,203
2.5023,190
2.5664,187
2.6307,208
2.3872,213
2.5017,195
2.3812,194
2.8006,184
2.2963,196
2.6582,195
2.5985,190
2.5485,179
2.5507,202
2.4248,197
2.5548,203
2.7207,179
2.5692,210
2.6808,182
2.6805,187
2.5883,189
2.7428,180
2.4746,190
2.8981,187
2.6758,181
2.4881,189
2.5576,185
2.3779,215
2.4375,202
2.3816,210
2.8601,174
2.5028,195
2.7029,179
2.4500,192
2.5378,207
2.6037,187
2.7339,186
2.6506,197
2.4029,189
2.4531,199
2.2206,213
2.6693,204
2.1457,216
2.5973,194
2.7738,200
2.4537,200
2.4615,199
2.5555,186
2.5679,189
2.6646,185
2.3589,213
2.8537,189
2.4012,195
2.4166,198
2.3464,203
2.8328,188
2.7391,190
2.5929,188
2.2983,209
2.6351,191
2.4324,201
2.8645,187
2.7237,190
2.8851,177
2.5774,195
2.4995,206
2.6276,192
2.7493,188
2.4346,196
2.6239,188
2.6934,189
2.3729,211
2.6248,171
2.5702,193
2.6779,189
2.7050,200
2.3490,203
2.4515,201
2.3398,197
2.6047,200
2.5598,190
2.2691,202
2.3494,207
2.5846,194
2.6665,192
2.4018,186
2.6137,201
2.4792,195
2.5014,200
2.5023,192
2.5439,190
2.5349,181
2.4468,212
2.5128,179
2.5990,205
2.4547,202
2.7055,188
2.6263,193
2.6159,193
2.6999,178
2.3113,201
2.3853,191
2.4298,205
2.2887,197
2.6260,171
2.6441,187
2.3976,187
2.6206,184
2.3156,208
2.5730,202
2.2923,216
2.3393,209
2.2794,215
2.5470,208
2.5768,188
2.3584,202
2.5135,191
2.3475,204
2.4108,205
2.5429,208
2.5439,186
2.5219,197
2.6456,194
2.5143,205
2.4647,191
2.8996,185
2.5777,203
2.7274,196
2.2383,213
2.4886,193
2.3247,194
2.6923,193
2.5097,200
2.4620,200
2.3896,200
2.7874,191
2.3452,201
2.3941,191
2.4563,190
2.5766,182
2.6968,194
2.4391,189
2.5271,196
2.4877,193
2.4625,193
2.7134,185
2.4346,205
2.4054,189
2.6083,200
2.5743,180
2.3383,203
2.6431,204
2.2576,204
2.5769,196
2.7113,186
2.4134,195
2.5526,200
2.6790,196
2.1446,210
2.3535,195
2.6651,193
2.4288,196
2.2181,211
2.5422,200
2.5062,183
2.4300,194
2.2728,210
2.7049,193
2.3605,211
2.5344,193
2.4703,196
2.3573,198
2.6695,199
2.8118,187
2.3756,203
2.4177,200
2.6148,196
2.3877,211
2.7642,201
2.7115,183
2.2667,196
2.4366,206
2.3193,189
2.6641,208
2.2228,224
2.3830,196
2.4116,202
2.5374,173
2.4476,199
2.8507,197
2.3033,199
2.5245,198
2.5111,197
2.8005,190
2.6818,198
2.9207,179
2.5396,186
2.4693,200
2.5891,195
2.3345,210
2.4608,204
2.5950,204
2.6451,196
2.6505,190
2.6622,191
2.5474,191
2.8817,177
2.2929,189
2.5296,202
2.5785,193
2.4916,192
2.5277,190
2.2437,213
2.4624,183
2.7034,197
2.7413,178
2.3312,194
2.4117,201
2.4700,185
2.2604,210
2.2518,218
2.5460,202
2.6467,198
2.2130,199
2.7445,185
2.2312,210
2.6133,188
2.6599,206
2.3061,204
2.4701,199
2.6354,190
2.5785,188
2.5308,191
2.5371,206
2.4327,211
2.5706,194
2.4402,213
2.5193,195
2.6827,197
2.6868,195
2.8388,191
2.3640,186
2.6338,185
2.6145,191
2.5657,197
2.5305,183
2.3683,205
2.7283,177
2.5294,181
2.5677,205
2.7217,196
2.4653,195
2.4208,193
2.4362,195
2.5945,206
2.6041,184
2.2151,203
2.5695,198
2.5445,198
2.6300,206
2.3886,215
2.4316,209
2.3774,200
2.6932,200
2.7400,191
2.5370,188
2.8145,184
2.5427,198
2.3321,198
2.6620,194
2.5402,178
2.7117,190
2.4701,194
2.4154,203
2.5548,199
2.4628,192
2.5103,198
2.3672,203
2.4728,196
2.5889,196
2.3365,204
2.6244,193
2.7629,200
2.4988,197
2.1914,203
2.3193,197
2.6298,196
2.6404,200
2.3977,210
2.7641,187
2.3801,203
2.3752,210
2.4275,186
2.6271,185
2.5117,205
2.5341,201
2.7425,194
2.8026,194
2.4907,199
2.7658,207
2.2813,203
2.4944,200
2.5019,202
2.4841,205
2.2051,208
2.5153,186
2.5529,196
2.6985,187
2.2339,196
2.2936,205
2.3523,222
2.9177,181
2.2105,205
2.4213,194
2.5697,194
2.5044,198
2.5633,200
2.5203,207
2.6947,202
2.7423,193
2.4852,200
2.5757,210
2.7041,175
2.4788,204
3.0816,179
2.3348,190
2.4306,200
2.6050,196
2.3585,213
2.4109,197
2.7012,208
2.5147,198
2.4391,206
2.5885,199
2.4877,196
2.6794,188
2.5188,190
2.4256,203
2.4572,202
2.3090,207
2.5331,205
2.6545,188
2.4366,202
2.5761,180
2.3553,203
2.7890,197
2.3955,192
2.7121,184
2.7336,190
2.4823,195
2.3740,200
2.6861,183
2.6823,182
2.7941,195
2.3081,206
2.3215,196
2.3221,202
2.7003,201
2.3316,200
2.7838,185
2.5816,188
2.7690,185
2.5563,188
2.4355,203
2.3157,209
2.5656,200
2.4993,203
2.5865,189
2.3803,196
2.4079,195
2.8517,182
2.5879,192
2.2498,200
2.3615,226
2.3833,192
2.7145,190
3.1584,176
2.4005,203
2.5205,187
2.5063,204
2.7143,185
2.5253,203
2.5010,197
2.4822,191
2.4428,185
2.5397,189
2.6236,189
2.8540,202
2.8154,195
2.6749,181
2.4300,206
2.6099,191
2.5598,195
2.2738,211
2.5767,200
2.5362,199
2.8173,196
2.6511,198
2.6787,200
2.4330,182
2.6685,180
2.5433,204
2.6366,192
2.5192,197
2.6646,199
2.5389,188
2.5774,193
2.5905,206
2.3773,211
2.3376,217
2.5201,196
2.6228,199
2.4162,198
2.3660,206
2.6141,193
2.3177,199
2.6479,190
2.5125,193
2.5493,196
2.6356,186
2.3585,198
2.7222,187
2.6355,185
2.4839,204
2.4574,190
2.4901,204
2.6336,194
2.5882,200
2.5917,195
2.8988,182
2.4301,205
2.6775,185
2.6849,203
2.4918,199
2.2956,207
2.3680,214
2.4918,204
2.8036,198
2.5196,190
2.5679,190
2.7577,191
2.4199,218
2.5037,183
2.5491,197
2.4186,194
2.8328,184
2.2759,212
2.7828,172
2.3796,215
2.4052,201
2.4149,197
2.4073,188
2.4603,204
2.5782,178
2.6735,205
2.6594,191
2.5683,180
2.6854,190
2.7694,193
2.7140,191
2.4509,207
2.5662,191
2.5535,202
2.4096,197
2.2092,227
2.7228,189
2.4599,194
2.5112,201
2.3006,209
2.4124,201
2.6470,199
2.4867,202
2.9345,193
2.6842,184
2.3238,207
2.2451,218
2.7622,203
2.7402,185
2.5726,200
2.3030,192
2.5878,201
2.6718,195
2.6614,192
2.4203,211
2.4414,200
2.2910,203
2.6462,203
2.2493,214
2.5117,202
2.7013,199
2.6064,194
2.3397,203
2.2756,202
2.6315,183
2.5458,194
2.6131,190
2.6499,190
2.2894,203
2.3359,203
2.5433,195
2.3776,208
2.5307,200
2.5505,206
2.2720,197
2.5025,194
2.5297,195
2.5113,202
2.5519,193
2.4757,200
2.4596,201
2.3887,197
2.1023,208
2.4605,194
2.2945,208
2.6428,183
2.4663,200
2.5997,183
2.4342,203
2.5796,203
2.4096,208
2.4400,200
2.5486,195
2.4438,203
2.2322,213
2.5833,205
2.4020,197
2.3049,186
2.4582,207
2.4790,196
2.3882,190
2.4107,196
2.3844,196
2.5641,191
2.3007,220
2.5442,186
2.6353,189
2.6484,198
2.8422,201
2.6134,197
2.6230,200
2.4817,202
2.3917,208
2.5023,185
2.4485,204
2.3112,202
2.6733,195
2.4551,192
2.4286,204
2.6559,187
2.5098,205
2.6761,202
2.5512,199
2.4494,191
2.5357,194
2.4752,198
2.2949,215
2.3885,208
2.6682,191
2.5255,209
2.6707,207
2.4045,201
2.5684,185
2.4647,211
2.6241,186
2.4436,190
2.4196,205
2.2490,205
2.2746,215
2.6599,198
2.4013,208
2.6555,182
2.4627,202
2.3615,196
2.4114,215
2.7569,194
2.7240,190
2.4529,199
2.4235,206
2.5479,204
2.6006,198
2.3823,199
2.5627,198
2.2156,203
2.5294,202
2.5301,195
2.4936,193
2.2597,210
2.3828,195
2.3847,195
2.5893,192
2.3858,199
2.6501,199
2.5074,203
2.4946,213
2.6339,187
2.5865,192
2.4935,200
2.2847,214
2.7635,179
2.4347,202
2.3167,213
2.5192,195
2.9269,187
2.4303,197
2.0428,204
2.3556,198
2.5925,190
2.6295,195
2.5477,199
2.7573,191
2.5885,199
2.2559,206
2.7213,189
2.5916,189
2.4049,193
2.3346,203
2.3543,219
2.4367,213
2.2396,189
2.7571,188
2.2513,192
2.9745,187
2.4794,197
2.5034,210
2.4218,204
2.5206,190
2.4732,199
2.3502,216
2.6135,197
2.6231,201
2.4568,207
2.2764,206
2.6090,196
2.5959,203
2.5022,203
2.6294,193
2.5047,195
2.5552,186
2.6482,185
2.2645,206
2.8217,195
2.4606,194
2.6680,185
2.6375,200
2.7335,200
2.7458,186
2.5557,193
2.2816,208
2.4570,184
2.8879,182
2.7107,185
2.5923,194
2.5365,187
2.5222,216
2.2112,213
2.3386,210
2.8132,181
2.5649,197
2.5919,204
2.5282,204
2.5217,207
2.3809,206
2.7220,184
2.6387,191
2.1610,215
2.5821,202
2.4668,207
2.6666,199
2.6354,197
2.4866,196
2.1988,209
2.3695,203
2.8021,178
2.6959,200
2.4280,208
2.2767,213
2.6030,195
2.5668,184
2.5583,183
2.6225,190
2.5456,205
2.5902,177
2.5837,191
2.4087,205
2.3706,216
2.5676,192
2.8306,183
2.5609,190
2.5228,195
2.7877,195
2.4380,203
2.5970,189
2.5350,197
2.4136,205
2.7543,188
2.7057,191
2.4276,192
2.3839,202
2.3852,197
2.3726,200
2.7295,192
2.4448,194
2.4077,219
2.6978,204
2.5209,193
2.5751,190
2.3967,189
2.6910,199
2.4851,190
2.8304,182
2.2416,224
2.4024,217
2.6441,187
2.5054,198
2.4893,206
2.3863,196
2.4440,206
2.3124,202
2.4132,193
2.2680,198
2.5433,188
2.5925,199
2.5753,199
2.5464,189
2.4183,193
2.3935,196
2.6227,190
2.3882,212
2.6642,190
2.3454,220
2.6692,177
2.5399,203
2.4201,200
2.5241,189
2.3741,200
2.7217,217
2.5985,200
2.7460,181
2.3399,201
2.2682,205
2.8025,194
2.5015,192
2.5536,193
2.7937,199
2.1253,218
2.4970,205
2.4934,208
2.3733,198
2.4160,194
2.3969,205
2.7274,177
2.6063,192
2.5072,189
2.6054,192
2.3035,207
2.1861,199
2.6223,186
2.2364,221
2.5778,178
2.4514,212
2.6242,189
2.4464,208
2.7652,196
2.5216,200
2.3711,203
2.4281,205
2.6701,196
2.9182,180
2.4407,193
2.4831,202
2.8807,106
