1.9885,202
2.0167,209
1.8497,211
1.7330,225
1.7137,220
1.5162,232
1.5368,235
1.4818,236
1.5372,245
1.5317,224
1.5755,226
1.6339,215
1.6447,213
1.6549,227
1.6947,229
1.8419,214
1.5643,228
1.4444,229
1.5078,228
1.6590,224
1.6790,213
1.6201,223
1.6318,202
1.6949,221
1.8490,229
1.7008,222
1.9180,199
1.8648,212
1.7711,203
1.7437,222
1.9257,199
1.8424,204
1.8412,219
1.9027,212
1.7922,212
1.7750,213
1.9735,207
1.8706,204
1.7532,216
1.8303,209
1.6934,226
1.6616,224
1.6777,208
2.0159,201
1.7787,216
1.8184,209
1.7591,216
1.6193,218
2.0343,193
2.0056,188
1.8426,197
1.9157,201
1.7738,207
1.8458,209
1.6888,213
1.8931,185
1.7910,208
1.9202,217
1.8113,204
2.0765,186
1.8684,216
2.0140,204
1.7245,215
1.9739,193
1.8304,205
1.8109,214
1.9448,212
2.0603,203
1.5814,227
1.6497,218
1.8428,202
1.6766,222
1.8538,203
1.7584,216
1.7911,205
1.8345,210
1.9987,202
1.9345,213
1.8047,219
1.8694,206
1.7333,223
1.6274,229
1.9555,195
1.7617,208
1.7689,206
1.9079,211
1.8515,217
1.8373,209
1.7957,216
1.8398,219
1.8713,207
1.8188,203
1.8624,213
1.7272,210
2.0054,206
2.1802,190
1.8673,202
1.9710,200
2.1323,198
2.0176,195
1.9582,201
1.9093,200
1.9387,203
2.0976,187
1.7839,212
1.9527,209
1.8427,219
1.8731,205
1.8448,213
1.7213,224
2.0751,205
1.8730,213
2.0204,204
1.8735,218
1.8401,198
2.0042,201
2.0161,201
1.9884,196
2.0022,192
2.1333,191
1.9477,216
1.9894,208
1.9121,215
1.8168,204
1.8936,207
1.9944,196
1.9654,205
1.9878,199
2.0655,196
1.8790,218
1.8247,215
1.9384,200
1.9172,200
1.8259,203
2.0597,200
2.1524,187
1.9537,206
1.9184,212
1.9857,185
1.9275,201
2.0252,213
1.9013,205
2.1385,193
1.9427,198
2.2051,193
1.9269,207
1.9745,207
2.1050,197
2.1066,205
2.0387,195
2.1525,198
1.8696,213
2.0148,207
2.0734,201
1.8318,217
1.9749,190
2.0652,201
2.1651,195
1.8763,220
1.9452,192
2.0462,194
1.8639,225
2.2524,187
2.0669,195
2.0280,204
1.9247,200
1.9815,211
2.0761,201
2.0272,202
2.1765,185
2.1886,189
1.9427,217
2.2552,197
2.1463,198
1.9323,217
1.8921,208
2.1297,196
1.8806,216
1.8997,213
2.2841,203
1.9468,201
1.8476,220
1.8359,227
1.9106,211
2.0004,203
2.0231,208
2.0897,215
1.9926,199
1.9106,211
2.0383,213
1.9240,215
2.1202,200
2.0544,210
2.2040,192
2.0571,208
1.9921,206
2.0318,203
2.1967,177
2.0698,194
2.0438,199
2.0075,197
2.2174,189
2.1535,197
2.1368,199
2.0914,195
2.0976,199
2.2908,189
1.8047,221
2.0394,190
2.1253,180
1.9730,213
2.0378,200
2.0516,207
2.1263,206
2.1082,193
2.0610,198
1.9511,216
2.0050,216
1.8675,219
2.0828,211
2.1549,197
2.0353,194
2.0714,210
2.0001,203
2.0702,202
1.9721,220
2.0191,199
1.9837,210
2.1154,211
2.1780,193
2.0695,205
1.9797,210
2.2688,191
2.0811,202
2.1550,203
2.2184,181
2.1317,206
2.0133,206
2.1499,192
2.1526,196
1.9211,208
2.0110,203
1.9898,199
2.1720,207
2.1132,198
2.3507,193
2.3481,202
2.1281,199
2.2499,198
1.9992,205
1.9322,213
2.0859,192
2.1520,215
2.0115,198
1.9822,200
2.0892,199
2.3531,179
2.1966,196
2.0033,208
2.1396,189
2.1166,200
2.0380,204
2.1666,199
1.9978,208
1.9400,210
2.1889,188
2.2129,207
1.9749,213
2.1553,193
2.2017,184
2.4158,180
2.1102,204
2.2780,182
2.1166,198
2.2793,196
2.1800,199
2.1692,208
2.0657,205
2.4032,185
2.0948,206
2.1535,210
2.1202,202
2.1122,203
2.0613,209
2.0529,204
2.0451,211
2.1336,206
2.1643,197
2.0717,219
2.3267,194
2.1873,196
2.1205,186
2.0005,205
1.9552,218
2.1598,188
2.1115,201
2.1012,197
2.1809,187
2.3372,187
2.2242,191
2.0346,210
2.0999,203
2.2685,194
2.0314,208
2.0634,202
2.4230,184
2.1099,201
2.1404,212
2.2162,190
2.0148,224
2.2560,206
2.0891,209
2.1703,200
2.0536,211
2.1855,208
2.1120,218
2.1199,203
2.0507,199
2.2301,201
2.1821,202
2.2363,194
1.9836,210
2.1743,202
2.2186,201
2.1005,203
2.5073,187
2.2722,191
2.0983,204
2.2407,186
2.2505,191
2.2756,181
2.1756,199
1.8963,228
2.2652,195
2.1767,209
2.1036,202
2.1523,202
2.0589,207
2.3114,206
2.0298,199
2.1191,206
2.1474,197
2.0905,213
2.3311,191
2.1740,217
2.0778,202
2.0822,210
2.2959,202
2.1351,201
2.1750,194
2.1527,199
2.2893,191
2.3531,190
1.9944,206
2.1026,209
2.1048,208
2.1345,200
2.1141,208
2.0412,210
2.3938,198
2.4489,184
2.2314,200
2.2473,206
2.3232,196
2.3981,193
2.1760,195
2.3128,196
1.9691,209
2.0405,205
2.1166,221
2.2346,188
2.0322,217
2.0276,212
2.3974,182
2.1277,188
2.2856,206
2.2828,202
2.2992,180
2.0426,203
2.1606,190
2.3572,190
2.1805,197
2.3069,197
2.3423,190
2.1362,204
2.3336,215
2.2370,193
2.2866,206
2.1345,203
2.1012,195
2.1165,199
2.0482,212
2.2092,207
2.1192,215
2.0632,202
2.2498,192
2.0755,205
2.0298,197
2.3386,189
2.1139,209
2.0635,222
2.0197,227
1.9052,219
2.3490,188
2.0786,202
1.8678,217
2.3121,202
2.3836,202
2.2100,199
1.8939,232
2.1239,198
1.9520,219
2.0033,214
2.2687,198
2.2762,196
2.2828,199
2.0046,202
2.1619,201
2.1605,213
2.2877,203
2.2975,200
2.1166,212
2.1678,206
2.1825,215
2.2646,194
2.1945,186
2.2566,206
2.3209,205
2.2104,192
2.1062,214
2.0088,212
2.3142,199
1.9998,223
2.1227,217
2.1426,200
2.2119,209
1.8688,214
2.2759,203
1.8071,224
2.1454,202
2.2343,202
2.0897,201
2.3464,196
2.1435,201
2.1640,215
2.2716,192
2.0757,214
2.4396,190
2.1341,199
2.4560,196
2.4521,191
2.4820,179
2.2469,194
2.1357,201
2.4715,184
2.2591,198
2.1786,211
2.0943,203
2.2974,193
2.2720,191
2.3526,189
2.2321,193
2.1804,212
2.1459,203
2.4295,187
2.4413,192
2.2429,200
2.1707,214
2.2007,202
2.2210,207
2.3294,211
2.1792,190
2.1395,206
2.0542,207
2.0864,214
2.0594,220
2.2186,215
2.2522,202
2.2023,192
2.0945,210
2.2748,202
2.2444,208
2.1120,206
2.3424,192
2.4066,206
2.2931,186
2.4316,196
2.0403,207
2.3555,191
2.2176,202
2.3261,194
2.4927,210
2.1867,212
2.2357,201
2.2612,191
2.2875,195
2.1996,209
2.1919,209
2.2392,209
2.2239,203
2.4190,196
2.2291,203
2.2811,206
2.1729,200
2.3552,186
2.3110,203
2.2674,200
2.1356,210
2.1874,207
2.1719,207
2.2198,214
2.3533,197
2.1724,202
2.2335,202
2.1488,211
2.2240,200
2.1889,206
2.3064,203
2.3002,204
2.4602,190
2.3381,200
2.2090,219
2.2998,194
2.2584,194
2.3458,190
2.1443,202
2.3674,183
2.1252,208
2.2096,196
2.1894,203
2.3291,193
2.3750,192
2.4117,187
2.2784,212
2.1593,213
2.4457,190
2.2034,205
2.3198,194
2.1746,206
2.2669,197
2.1022,212
1.9446,215
2.3230,206
2.1301,202
2.1339,202
2.2389,191
2.1891,218
2.1881,207
2.2627,206
2.3534,201
2.3546,187
2.0913,216
2.2829,210
2.1092,217
2.1704,200
2.3177,200
2.3568,194
2.2770,193
2.1995,214
2.3867,194
2.3454,196
2.1257,198
2.2288,215
2.1489,194
2.1024,207
2.0531,219
2.1641,212
2.2955,198
2.1951,207
2.4763,191
2.0838,211
2.2454,202
2.0274,206
1.9853,207
2.3485,198
2.3098,198
2.0957,206
2.2557,195
2.0949,209
2.3205,209
2.1398,209
2.2285,204
2.2511,193
2.1265,204
2.3371,192
2.3223,204
2.2633,195
2.3356,211
2.2098,206
2.4367,207
2.3106,198
2.3248,201
2.4494,192
2.3556,218
2.2210,201
2.2962,197
2.3834,205
2.4249,191
2.3338,192
2.3964,191
2.1733,209
2.3543,198
2.1408,225
2.3218,201
2.0543,198
2.4186,202
2.1504,214
2.1914,206
2.2265,205
1.9433,216
2.1937,207
2.3508,216
2.4962,188
2.1764,208
2.2346,209
2.2945,218
1.9970,211
2.3507,207
2.1475,208
2.2345,212
2.3482,205
2.5052,184
2.2731,203
2.3509,204
2.0534,218
2.4340,204
2.1356,199
2.2523,193
2.1992,207
2.3872,205
2.1769,205
2.3938,184
2.4255,190
2.2486,214
2.2122,218
2.0734,211
2.1487,220
2.0585,216
2.5015,191
2.5167,188
2.0729,200
2.1065,214
2.4817,192
2.3602,193
2.3109,200
2.0150,223
2.3401,203
2.4996,185
2.5787,180
2.2397,208
2.2275,207
2.3468,192
2.2095,211
2.2072,209
2.2928,195
2.2961,193
2.0890,217
2.2846,204
2.2670,211
2.1490,204
2.1460,213
2.2969,197
2.2805,208
2.1693,209
1.9729,206
2.1362,206
2.1719,216
2.3702,197
2.2184,202
2.3791,202
2.1327,216
2.1605,201
2.3844,204
2.3292,206
2.2441,194
2.2770,212
1.8762,231
2.2692,200
2.4755,196
2.3906,203
2.2378,201
2.2927,204
2.0720,214
2.2185,204
2.4225,199
2.3000,203
2.4434,199
2.3043,205
2.4074,200
2.3011,200
2.2923,201
2.1224,211
2.2385,211
2.2058,221
2.4743,180
2.2337,191
2.2836,210
2.2621,202
2.0225,216
2.2196,194
2.3719,203
2.1488,211
2.2997,198
2.3528,193
2.4300,205
2.1289,208
2.5154,192
2.3768,209
2.1283,206
2.1651,213
2.1953,205
2.1320,207
2.1147,212
2.1818,202
2.3451,205
2.2913,213
2.2604,209
2.2946,203
2.0750,206
2.4529,197
2.4766,191
2.1256,198
2.3798,190
2.4398,208
2.4886,186
2.2108,210
2.2415,206
2.2578,200
2.1438,207
2.4437,185
2.3332,199
2.0199,211
2.1581,216
2.0916,214
2.4732,196
2.2653,211
2.3278,203
2.0381,220
2.0779,215
2.3020,200
2.3275,198
2.4420,197
2.6967,179
2.2560,196
2.0043,212
2.1841,213
2.0446,212
2.0734,203
2.3754,197
2.0263,218
2.2376,204
2.1237,202
2.2846,198
2.3691,190
2.4767,198
2.3009,201
2.5369,190
2.1663,219
2.1772,214
2.2636,215
2.3397,195
2.4306,198
2.6789,193
2.0728,213
2.1083,206
2.2308,212
2.2531,198
2.1705,196
2.1959,202
2.5034,198
2.3183,194
2.3851,201
2.4553,202
2.3368,198
2.1657,215
2.2917,204
2.1517,208
2.2495,207
2.3983,195
2.1802,224
2.2913,201
2.0606,219
2.4166,200
2.4262,198
2.6319,183
2.3403,203
2.1250,211
2.2595,205
2.1755,212
2.0501,212
2.1654,208
2.3025,203
2.2544,210
2.2524,204
2.2277,194
2.2764,206
2.6635,184
2.1829,224
2.2979,213
2.3981,179
2.2452,190
2.3889,199
2.5105,191
2.2473,200
2.2277,204
2.3611,188
2.0506,234
1.9774,222
2.1195,212
2.1596,212
2.1088,199
2.1945,208
2.0621,211
2.3894,204
2.3491,204
2.3828,207
2.1710,197
2.0926,215
2.2661,210
2.1348,214
2.0224,227
2.1946,193
2.2271,210
2.2267,213
2.2677,204
2.2572,206
2.1657,217
2.3631,199
2.3504,191
2.1603,195
2.0010,203
2.1700,212
2.1574,213
1.9408,226
2.1078,213
2.3745,203
2.1652,213
2.1742,201
1.9829,218
2.1694,199
2.1375,223
2.2584,202
2.3383,213
2.2867,219
2.0526,200
2.0414,205
2.2914,208
2.1456,218
2.4835,213
2.3404,202
2.0963,208
2.2287,206
2.2038,207
2.5624,200
2.2542,199
2.3099,205
2.0974,217
1.9565,226
2.4332,196
2.0604,210
2.1924,220
2.2158,195
2.1408,210
2.4324,205
2.1909,216
2.1986,209
2.2318,205
2.1092,216
2.0211,216
1.9434,218
2.1640,206
2.2631,206
2.3178,198
2.2805,201
2.2057,205
2.2145,211
2.2334,193
2.0381,222
2.1014,200
2.2930,215
2.1914,229
2.5128,190
2.3501,192
2.1684,199
2.1642,213
2.1753,210
2.3593,209
2.3495,200
2.0488,220
2.1019,206
2.1272,207
2.2529,211
2.3315,193
2.5482,203
2.4424,186
2.0474,226
2.3443,182
2.3793,208
2.2066,201
2.3871,200
2.4709,201
2.1911,204
2.2783,210
2.2885,209
2.0437,214
2.2664,209
2.3691,185
2.1778,224
2.3298,198
2.4345,199
2.1285,203
2.4131,207
2.1992,212
1.9260,216
2.2016,207
2.1644,202
2.2240,213
2.4291,198
2.1967,212
2.2527,212
2.3607,197
2.1450,222
2.4081,177
2.4435,198
2.2946,200
2.5302,186
2.4614,205
2.3416,211
2.2505,205
2.2090,210
2.3983,189
2.5403,189
2.2958,193
2.1217,218
2.3866,195
2.4162,198
2.2455,206
2.3766,205
2.2487,202
2.3823,195
2.3644,206
2.4325,207
2.2387,204
2.3329,205
2.1306,211
2.1741,208
2.1217,208
2.1096,214
2.3986,191
2.1281,218
2.5362,193
2.1181,216
2.2547,211
2.0751,219
2.2185,216
2.5652,187
2.1948,211
2.3309,206
2.2473,202
2.4889,199
2.2753,213
2.4524,193
1.9982,214
2.3050,202
2.3868,201
2.4192,200
2.2270,217
2.3644,197
2.0717,210
2.2835,209
2.3281,209
2.2492,219
2.3339,215
2.0296,223
2.1460,202
2.0687,231
2.3535,210
2.2255,202
2.0382,226
2.2798,204
2.1075,223
2.1851,232
2.0253,212
2.2509,216
2.2523,212
2.1409,196
2.2560,207
2.5564,204
2.2579,212
2.1667,216
2.3251,195
2.2135,203
2.2166,215
1.9867,223
2.4155,203
2.2592,204
2.1947,214
2.3618,213
2.2357,205
2.1575,224
2.2440,203
2.1793,220
2.2751,206
2.2757,210
1.9997,228
2.3829,209
2.1645,198
2.2119,202
2.4078,195
2.0169,200
2.2119,208
2.0021,213
2.4254,203
2.2159,212
2.2506,196
2.1536,193
2.3026,205
2.5440,192
2.0185,220
2.3565,195
2.4678,197
2.4723,197
2.3758,200
2.6372,195
2.3053,205
2.1759,208
2.4345,193
2.4594,193
2.2537,195
2.4871,186
2.1246,230
2.1768,201
2.1409,218
2.3497,204
2.4003,195
2.1446,210
2.2708,200
2.2235,218
2.2317,196
2.2268,209
2.1820,224
2.2458,210
1.8881,230
2.2357,203
2.3698,206
2.1688,209
2.4221,199
2.3349,214
2.2741,212
2.3985,210
2.3769,215
2.6182,187
2.3521,206
2.5456,191
2.4116,203
2.3676,208
2.5500,192
2.0893,211
2.2207,206
2.1544,204
2.2154,212
1.9892,218
2.2869,202
2.1442,216
2.2343,214
2.2673,200
2.0369,220
2.1754,216
2.2263,211
2.0755,204
2.1146,220
2.3042,211
2.1872,210
2.2509,208
2.2887,204
2.2705,195
2.1429,201
2.2573,227
2.1628,209
2.1701,195
2.3019,195
2.4125,214
2.2408,206
2.2510,207
2.1214,215
2.1481,225
2.1683,208
2.2136,215
2.3100,203
2.6136,181
2.3458,197
2.0091,225
2.0865,213
2.1359,205
2.4049,205
2.2872,213
2.3935,192
2.4418,190
2.2384,209
2.0469,222
1.8902,225
2.2870,201
2.4616,191
2.1993,211
2.2779,203
2.3673,200
2.2133,216
2.2181,208
2.2682,198
2.1607,208
2.6286,193
2.4157,199
2.1703,221
2.4500,199
1.9630,237
2.5055,188
2.2180,206
2.0750,214
2.6168,195
2.1150,210
1.9379,219
2.3800,196
2.0365,222
2.0820,208
2.0238,210
2.3647,202
2.2991,214
2.2331,225
2.1888,213
2.0425,218
2.2917,200
2.6107,196
2.2974,195
2.1583,210
2.1306,215
2.0409,209
2.1873,206
2.2871,211
2.0312,217
2.3864,211
2.0563,219
2.1624,204
2.1714,223
2.1022,214
2.0297,208
2.2582,205
2.2513,210
2.4861,194
2.2503,211
1.9098,215
2.1689,210
2.3169,199
2.3408,198
2.2432,208
2.2958,205
2.2279,203
2.3104,190
2.2384,216
2.0446,219
2.4544,197
2.2483,222
2.3814,203
2.2757,212
1.7649,228
2.3385,199
2.1389,217
1.8524,225
2.0217,218
2.2820,219
2.2100,209
2.0749,212
2.2597,214
2.6085,186
2.2209,212
2.2365,201
2.2003,210
2.3299,198
2.5407,195
2.2715,211
2.0664,206
2.4153,204
2.0007,214
2.2071,214
2.2685,208
2.3233,210
2.3027,193
2.1347,209
2.1757,212
1.9889,219
2.3577,217
2.3877,207
2.0928,204
2.0881,218
2.2769,208
2.2649,207
2.3172,205
2.4486,212
2.4442,181
2.0234,207
2.2284,211
2.3592,210
2.2828,204
1.9320,226
2.1650,210
2.2317,204
2.3979,198
2.4116,201
2.2932,208
2.3728,196
2.1486,213
2.1093,212
2.3181,202
2.1826,201
1.8961,228
2.3268,206
2.2617,220
2.1366,213
2.2878,205
2.0788,221
2.2665,212
2.0560,215
2.2151,208
2.0050,224
2.2822,228
2.2781,203
2.0096,228
2.0913,216
2.0174,227
2.1690,199
2.1474,219
2.2835,204
2.4098,200
2.2452,215
2.1340,224
2.1656,221
2.2102,210
2.0913,209
1.9288,222
2.3100,217
2.1257,213
2.4715,206
2.2479,213
2.4546,195
2.2130,195
2.2403,208
2.1109,221
2.1984,206
2.3940,208
2.2150,213
2.4243,207
2.3149,206
2.4017,203
2.3973,202
2.1550,221
2.1373,203
2.4106,203
2.3677,205
1.9449,214
2.1135,206
2.0831,221
2.3695,196
2.3422,201
2.4245,208
2.2720,209
2.0768,222
2.1970,194
2.1360,215
2.0566,215
2.1581,210
2.0118,208
2.1345,207
2.2622,207
2.0697,219
2.0007,217
2.1791,214
2.2560,201
2.0703,225
2.0635,232
2.0360,222
2.5304,208
2.4006,199
2.0680,212
2.3223,215
2.1399,206
2.1634,206
2.0913,221
2.0781,206
2.2952,198
2.3455,199
1.9519,207
2.2199,206
2.1217,222
2.2317,203
1.9457,220
2.3626,209
2.0688,210
2.2974,211
2.1670,232
2.0008,214
2.1803,213
2.3535,211
2.1992,204
1.9981,213
2.3387,218
2.3282,188
2.5191,202
2.1429,207
2.1229,220
2.0927,216
2.2862,209
2.1731,204
2.2001,223
2.3158,215
2.3010,212
2.2091,220
2.2396,206
2.1736,215
2.3238,206
2.1827,218
2.0742,211
2.4900,197
2.3816,204
2.1754,199
2.2102,213
2.1550,188
2.1307,199
2.2529,215
1.8902,204
2.2969,214
2.2319,213
2.4330,194
2.0212,212
2.2812,204
2.0827,216
2.1226,219
2.3449,208
2.2650,213
2.1859,208
2.3233,206
2.2165,205
2.3546,197
2.1300,213
2.0133,217
2.1505,215
2.5003,192
2.4732,203
2.2920,205
2.2207,224
2.1434,221
2.1205,217
2.1880,211
2.3343,201
2.1394,220
2.2101,212
2.3453,212
2.2161,212
2.3359,200
2.2303,218
2.1741,212
2.3580,200
2.0444,210
2.2567,216
2.1376,218
2.4873,199
2.0291,207
2.0181,204
2.3578,187
2.2968,207
2.1796,219
2.0030,216
2.1869,205
2.2129,219
2.1218,205
2.1605,218
2.2556,222
2.1665,211
2.4837,213
2.2184,217
2.1253,225
2.0149,245
2.2918,206
1.8952,234
2.3374,204
2.0917,213
2.0153,219
1.9293,223
2.4294,196
2.2138,219
2.2499,203
2.1646,221
2.2223,215
2.1399,230
2.1886,204
1.9773,213
2.3039,208
2.2360,215
2.0747,222
2.3741,196
2.1933,203
2.2778,219
2.4801,202
2.0511,217
2.3587,207
2.5043,200
2.1060,214
2.1970,201
2.0983,217
2.4271,211
2.2059,205
2.2650,218
2.3307,223
2.1418,216
2.2550,205
2.2306,223
2.4795,202
2.3843,206
2.0990,210
2.2011,210
2.4932,185
2.0971,214
2.0419,210
2.2223,219
2.1947,208
2.2192,216
2.4836,192
2.0905,220
2.1360,215
2.2304,220
2.0010,213
2.0049,209
2.0591,224
2.0912,201
2.3032,201
2.0333,224
2.0927,216
2.1530,200
2.6462,181
2.4263,216
1.8947,214
2.1312,220
2.0939,210
2.1566,219
2.2710,214
2.1642,210
2.1938,219
2.3397,193
2.1651,210
2.1596,226
2.2641,220
2.1221,221
2.2771,213
2.5271,205
2.3104,207
2.3142,208
1.9875,222
2.2140,209
2.3246,222
2.0897,213
2.2229,215
2.2859,207
2.3120,206
2.1464,214
2.5388,205
2.1699,212
2.2193,206
2.2501,201
2.1105,220
2.4172,210
1.9795,217
2.1423,214
2.1248,209
1.9986,214
2.1367,217
2.1477,218
2.2142,214
1.9072,214
2.1036,219
2.2104,219
2.2933,209
2.2439,202
2.0366,232
1.9011,236
1.9935,213
1.7326,232
2.1855,213
2.2634,208
2.1719,218
1.9832,220
2.2599,216
2.0867,215
1.9979,209
1.8435,225
2.2230,220
2.1823,200
2.3767,209
2.0857,231
2.0217,217
2.3555,209
2.0961,221
2.1932,219
2.3589,194
2.3236,210
2.2364,197
2.0566,222
2.3055,203
2.4367,207
1.8782,233
2.3113,207
2.2783,215
2.1873,215
2.3495,212
2.1079,212
2.2116,211
2.2027,221
2.0821,235
2.2971,212
2.1259,216
2.0189,217
2.3426,213
2.1614,215
2.0448,217
2.2158,210
2.1490,215
2.2746,199
2.2909,206
2.2340,220
1.8908,232
1.8869,233
2.3509,201
2.1354,207
2.0369,227
1.9330,216
2.3781,211
2.1733,215
2.1786,192
2.1313,218
2.0620,212
1.9487,232
1.9361,222
2.1425,207
2.0726,216
2.2828,220
2.0507,215
2.0735,223
2.2586,201
2.0248,209
2.0384,237
2.2615,213
2.3060,201
2.0810,216
2.1169,212
2.2712,208
2.2985,199
1.8063,241
2.4651,197
2.1481,226
2.0489,200
2.1535,212
2.1942,209
2.0276,213
2.2846,214
2.2742,194
2.2829,201
2.1145,223
2.0499,221
2.0628,224
1.9895,205
2.1588,211
1.8506,228
2.1569,214
2.5203,202
2.3462,198
2.0841,212
2.1412,207
1.9516,223
2.2556,215
2.0738,225
2.4126,180
2.0471,227
2.2895,205
1.8116,234
2.2817,206
2.2025,214
2.3386,217
2.0053,221
1.9929,216
2.1203,212
2.0122,214
2.2053,204
2.0454,226
1.9993,210
2.1943,209
1.9734,218
2.1521,211
2.1524,224
2.1104,211
2.2874,212
2.2111,212
2.1651,218
2.0169,221
2.2571,219
2.2626,209
2.2967,211
1.9502,219
2.0768,237
2.1675,204
2.0608,217
1.8262,230
2.1611,215
2.0043,215
2.2749,206
2.2374,221
2.1592,233
2.2217,206
2.2591,202
2.2218,219
2.0649,205
2.0025,220
2.2489,216
2.2051,215
2.0109,222
2.2553,205
2.1772,210
2.0795,201
2.2912,213
2.1464,230
2.1402,215
2.1717,211
2.1533,204
2.3953,204
2.4027,203
2.2087,210
2.4279,203
2.2148,212
2.3501,215
2.2720,221
2.2394,220
2.2462,214
2.1023,216
2.4635,212
2.1979,208
2.0589,222
2.0885,216
2.0063,222
2.1379,216
2.1944,203
2.1369,228
2.2536,197
2.3973,192
2.4141,196
2.0688,205
1.9889,224
1.8557,219
2.4406,192
2.1474,213
2.2106,211
2.2889,219
2.2558,213
2.2679,207
2.1185,215
2.3006,201
2.0003,214
2.2192,209
2.6137,198
2.3245,200
2.2686,200
2.5825,190
2.2431,197
2.0113,223
2.2950,210
2.3196,202
2.3853,205
2.0929,210
2.2757,212
2.1569,207
2.0329,219
2.0845,209
2.1233,213
2.0757,218
2.0949,223
2.1698,195
1.9930,218
2.3044,214
2.1585,219
2.4923,203
2.1407,211
2.2144,217
2.1399,216
2.1324,209
2.0568,232
2.0530,233
2.2763,201
2.0823,223
2.0461,220
2.1683,218
2.1431,215
2.1919,213
2.0216,211
2.3300,214
2.0865,223
2.2749,206
2.3063,201
2.0181,212
2.1734,207
1.9752,222
2.0938,220
2.1050,231
2.1707,206
2.0813,213
2.0626,219
2.2140,210
1.8144,233
2.3939,203
2.1374,233
2.1553,208
2.1663,207
1.9581,224
1.9749,222
2.2654,202
1.8279,245
2.4345,212
2.0603,211
2.0725,214
1.9055,214
2.1506,216
1.8151,220
2.1794,211
2.0321,221
2.2646,213
2.1440,210
1.9618,226
2.2672,200
2.1535,207
1.8193,242
2.1761,228
2.2248,204
1.9101,221
2.2538,221
2.0839,207
2.0257,221
2.3586,199
2.2973,216
2.0135,224
2.3198,206
2.1612,201
2.3937,209
2.0367,235
2.2330,207
2.1576,219
2.0221,207
1.9855,218
2.2311,224
2.0604,224
1.9427,212
1.9680,221
1.9747,227
1.8915,229
2.0499,230
2.1001,215
2.2607,216
2.0157,218
2.2411,226
2.1379,221
2.2855,208
1.9321,229
2.0324,217
2.2692,202
2.1575,213
2.1077,212
2.1385,231
2.1472,229
1.7387,221
2.0559,223
2.0714,218
2.0047,230
1.9702,201
2.0646,217
2.1047,216
2.1800,220
2.1288,216
2.0719,206
2.2638,204
2.0059,212
2.1328,207
2.1123,214
1.9006,232
2.3370,222
2.2734,210
2.2318,202
2.1450,225
2.1578,208
2.0822,203
2.1935,219
1.7392,248
2.3952,199
2.4656,202
1.9935,220
2.2940,211
2.0626,224
2.0374,223
2.5216,209
1.9894,216
2.2363,200
2.6833,181
1.8094,234
2.2967,218
1.9381,233
2.1177,208
1.9162,230
1.9601,224
1.9806,217
1.8455,222
2.2087,209
2.0734,217
1.9343,229
1.9079,229
1.9943,218
1.9711,207
2.1958,218
2.2154,219
1.9817,219
2.1538,213
1.9295,235
2.2125,205
2.1462,203
2.1107,217
2.0001,206
2.2283,210
2.0423,209
1.8686,237
2.0682,216
1.9465,219
2.1997,208
2.0747,211
2.0602,219
2.0342,203
2.1591,214
1.9928,214
1.8118,221
2.1523,219
2.1152,226
2.1998,209
2.1136,216
2.0861,210
1.9979,236
2.2692,212
2.0282,225
2.1718,213
2.2982,191
2.1904,206
2.0862,222
2.2140,216
2.0467,220
1.9455,226
2.0621,220
1.8763,220
2.1033,222
1.7348,242
1.8159,241
2.0220,227
2.0929,213
2.0289,215
2.0903,211
2.0583,222
1.9262,213
2.0584,210
2.2618,221
2.2347,208
2.2413,216
2.1082,208
2.0774,202
1.9735,224
2.0287,236
2.1352,208
1.9153,222
2.1791,222
1.9377,222
2.2425,203
2.1806,220
2.1661,211
2.2132,217
2.0495,208
2.2417,218
2.0970,232
1.8999,234
2.0820,212
2.1601,208
1.8677,223
2.0754,222
1.8195,223
2.1624,216
2.2739,209
2.2146,198
2.2286,215
1.8453,233
2.3562,213
2.0839,213
2.4122,193
2.0670,226
2.1133,206
2.0649,215
2.1133,216
2.0710,219
2.3189,220
1.9457,229
2.0700,220
2.2442,207
2.1515,203
2.0931,207
2.1671,216
2.0075,221
2.1459,219
2.2030,210
2.0275,211
1.8139,239
1.8953,228
2.1870,202
2.1011,217
2.1552,205
2.0180,212
1.9904,224
1.9984,227
2.1054,215
1.9560,220
2.1176,199
2.1220,219
2.0922,226
2.3516,200
2.1606,218
2.0109,226
2.3216,208
2.1221,214
2.2533,219
2.1381,211
2.3250,216
2.1631,213
2.2846,204
2.0057,209
2.1326,213
1.9354,235
2.0560,202
2.0455,226
2.3899,197
2.1247,219
2.0279,217
2.1916,220
2.0214,219
1.9075,227
1.9999,233
1.9996,222
2.0458,222
1.8285,226
1.9832,201
2.1639,211
2.1432,216
2.0670,216
2.0338,216
2.0690,233
2.0596,229
1.8102,230
2.0337,223
2.3508,212
2.0376,222
2.3376,195
1.9545,227
2.1892,199
2.2779,220
1.9669,222
2.0536,218
2.0705,219
1.9386,233
1.9575,220
1.8237,221
1.9540,237
2.3746,212
1.7318,224
2.0847,217
2.4596,194
2.3119,223
1.9628,221
2.0302,206
2.1224,222
1.9639,220
1.9573,226
2.1194,205
2.1161,216
1.8728,213
2.0009,212
2.0374,205
2.1250,215
2.1917,209
2.1754,222
2.0630,216
2.0680,221
2.2444,222
2.0539,224
2.0110,230
2.0405,207
1.9055,217
1.9984,211
1.9576,226
2.2654,226
1.8723,210
2.1426,222
2.0739,216
1.8388,226
2.2937,215
1.9334,214
1.9187,227
1.8438,232
2.0045,225
1.9455,223
2.0275,220
2.0566,219
1.9708,226
2.0968,213
2.1105,217
2.0717,221
2.1416,209
1.9879,233
1.9526,208
1.6936,238
1.9816,225
1.9815,214
2.1605,223
2.1189,229
1.6927,246
2.2419,202
2.0200,224
1.7978,231
2.2165,204
2.0941,217
2.1789,207
1.9744,218
2.0394,212
2.1301,219
1.8840,229
2.0608,224
2.0019,226
1.9921,221
2.0360,216
1.8589,220
2.3056,200
2.2205,210
2.3666,203
1.8950,227
2.1401,209
2.1521,205
2.1720,218
2.0187,217
2.1093,213
2.0579,211
1.9832,204
1.9343,228
2.0189,212
2.0767,228
2.0610,211
2.0280,220
2.1603,202
1.8546,226
2.2044,225
2.2571,201
2.1787,208
2.0089,220
2.2496,199
2.0384,236
2.2256,210
1.9059,220
2.0594,219
2.1045,229
2.4562,212
2.0985,222
2.1541,212
1.7561,230
2.0058,221
2.1438,217
2.0508,216
2.0116,226
1.8524,230
1.9484,226
2.0358,202
2.1598,212
2.0798,209
1.9749,221
2.0007,220
1.8147,229
2.1192,215
2.2805,206
2.3093,195
2.1523,227
2.0240,224
2.2452,228
1.7657,225
2.0611,216
2.1500,209
2.4555,208
2.1568,221
2.2703,201
1.9870,211
2.1236,219
1.9785,234
2.5378,202
1.9745,215
2.3046,209
2.0015,235
2.3544,212
2.2501,212
2.2215,209
2.0294,224
1.9266,219
1.9195,228
1.8787,226
1.9953,219
1.9597,231
1.9664,211
2.0047,213
1.8131,223
1.9118,234
2.1366,216
2.1254,199
2.0314,219
1.9756,216
1.8706,228
2.1374,227
2.2260,213
1.9115,231
2.0095,218
1.6988,234
2.0986,219
1.9869,230
2.3252,210
2.1417,214
2.2213,218
2.1528,224
1.9061,231
2.2566,213
2.0773,221
1.8598,234
2.0465,225
2.0470,227
2.0741,219
1.8712,224
1.8494,227
2.2814,212
1.8147,230
2.1082,222
2.0505,223
2.2956,200
1.9172,233
2.0553,217
2.0191,211
2.1125,217
1.9415,223
2.1705,206
2.1249,208
2.0613,209
2.1587,210
2.0327,232
2.2288,213
2.0539,222
1.9563,223
2.1373,224
2.1318,213
2.1268,217
1.9874,233
2.1770,217
2.1032,204
1.9385,222
2.1443,207
2.1332,208
2.2535,208
2.2129,218
2.2699,214
2.1793,206
2.0757,220
2.1415,217
1.9354,228
2.2545,201
2.3168,215
2.0591,218
2.1686,191
2.1159,210
2.0245,213
2.2886,207
1.8798,236
2.1276,225
2.2079,210
1.8579,231
2.1279,218
2.0009,225
2.1316,223
1.9528,213
2.0512,218
2.3515,220
1.9342,226
2.1826,206
2.1597,222
2.0156,218
2.1340,197
1.9431,225
2.2486,211
2.0452,231
2.1861,211
1.8286,228
2.1134,220
2.1138,216
2.1416,217
2.2541,213
1.9908,219
2.0868,216
2.0943,210
2.0030,214
1.7124,241
2.0729,225
2.0367,212
1.9465,209
2.0316,217
2.1152,219
2.1487,207
2.3864,210
1.9486,230
2.2369,231
2.0860,223
1.9488,234
1.9695,221
2.2212,223
2.0746,219
1.9202,222
1.8951,242
2.1084,233
2.0403,236
1.8412,227
2.1977,219
2.2374,207
2.0057,206
2.1042,214
1.9979,219
1.9460,224
1.9204,231
2.1287,201
1.9942,215
2.0556,237
2.0980,220
1.9104,233
2.3449,198
2.1076,221
2.0248,221
1.8739,225
2.1476,223
2.1150,223
2.2702,201
2.0032,219
1.9046,224
2.0976,216
2.3076,219
2.1430,223
2.0926,227
2.0672,203
2.0648,231
2.0178,217
1.9124,226
2.0456,225
1.9136,223
2.1945,212
2.1335,210
2.1753,216
1.9325,215
1.8992,223
2.0317,216
2.3195,214
1.8965,235
2.0554,210
1.9882,223
2.1605,231
2.2252,217
1.9782,214
1.9947,229
2.1963,204
2.2912,210
1.8818,221
2.3467,203
2.1205,219
1.9016,223
2.3382,208
2.1933,222
1.9033,237
1.8878,235
2.2100,230
2.2813,214
2.2415,205
2.2086,224
2.0242,218
2.1369,216
1.8396,225
2.0005,213
2.0617,230
1.9865,232
2.3835,204
1.8805,220
2.1311,221
2.2329,218
2.0024,221
2.1008,219
1.8613,224
2.2548,203
2.1206,224
2.3536,202
2.3051,221
2.0790,226
2.0952,217
2.0382,228
2.2600,205
2.1167,216
2.0540,227
2.2253,221
2.2285,204
1.9216,226
1.9359,224
1.9123,231
1.9291,222
2.0566,208
2.1433,209
2.1000,210
1.9217,226
1.8728,222
2.1933,213
2.0894,231
1.9372,235
2.2835,217
1.9755,218
1.8302,230
2.1678,207
2.1773,210
2.1787,212
2.0536,208
2.1120,214
2.3073,215
1.8719,218
2.0557,219
1.8063,244
2.1189,213
2.1064,230
1.9507,210
1.9586,220
1.8037,233
2.3240,208
1.8531,234
2.0955,213
2.2710,232
1.8945,227
1.9228,221
2.0206,221
2.1112,219
1.8774,231
1.9947,232
2.1022,221
2.1831,211
2.1069,216
2.2565,212
2.1272,219
1.9938,221
2.1236,220
2.1826,198
2.1130,215
2.2177,209
1.9356,215
2.1455,207
2.3938,202
2.4203,201
2.4038,221
2.2175,206
1.9933,239
2.0654,214
2.2441,210
2.0761,209
2.2246,206
2.0420,217
2.0186,221
2.1819,221
2.1978,233
2.1583,200
2.3152,211
2.1849,210
2.0289,230
2.0014,214
2.0245,216
2.1605,211
2.1573,226
1.7888,220
2.2446,204
2.0890,212
2.2578,223
2.0157,215
2.2335,202
2.0239,225
1.9267,223
1.9336,219
2.1370,217
2.0495,225
1.9528,215
2.0898,213
1.8123,240
2.1499,206
2.0284,221
1.9037,245
1.6235,256
1.9369,230
1.9786,231
1.9117,223
2.2108,227
2.1502,216
2.1693,205
1.5827,238
2.0340,235
2.2149,206
1.8379,222
2.0345,216
1.9808,230
1.9190,220
2.0164,225
1.9913,231
2.3419,206
1.9918,214
1.9070,235
2.0713,214
2.2595,218
2.4514,202
2.1013,204
2.1924,224
1.8771,225
2.0106,214
2.1612,216
1.9096,231
2.0948,227
2.2052,213
2.0012,235
2.1325,214
1.8754,235
2.0507,216
1.8272,236
2.0754,234
2.0344,218
1.9610,231
2.2420,219
2.1037,203
2.0592,219
2.0711,202
1.6988,243
2.0336,223
2.0895,230
1.9963,216
2.1300,219
1.8566,220
1.9402,224
1.8648,211
1.9458,213
2.0926,233
2.0342,216
1.8576,227
2.3293,208
2.0724,218
2.0158,215
2.0839,224
1.8079,235
1.9557,226
2.4091,213
1.9651,222
2.2781,217
2.1513,214
1.8614,217
2.0175,230
2.1116,227
1.9549,231
1.8847,234
1.8179,235
2.0079,234
2.1553,212
1.7880,235
2.0333,201
2.1010,217
2.1012,225
2.2787,215
2.1212,223
2.0169,228
2.1471,216
2.2614,200
2.2260,208
1.8280,237
2.0939,211
2.4038,217
2.1069,211
2.3502,197
1.9891,223
1.9223,228
1.9903,225
2.0022,223
2.3235,215
2.2652,220
2.0991,215
2.0331,205
1.9072,221
1.9700,220
2.1215,217
2.1122,215
2.1346,204
2.3241,212
2.3138,216
2.1408,222
2.0522,222
1.7956,228
2.1815,216
1.9322,225
2.1479,208
1.9480,217
1.9182,229
1.9543,206
2.0886,216
2.2556,212
2.1067,200
1.8838,229
2.1256,221
1.8987,225
2.3858,209
1.8061,227
1.8031,229
2.0351,228
1.8059,230
1.8206,232
2.0991,219
2.1527,216
2.0502,223
2.0507,219
1.9036,213
2.0792,207
1.8576,225
2.0461,224
1.9999,212
2.1292,213
2.2477,211
2.4094,202
2.1052,212
2.3758,211
1.9550,240
1.9460,224
1.9313,220
2.3754,221
2.0618,221
2.1134,213
2.0322,223
1.8871,229
2.1144,230
1.9179,233
1.9981,228
2.0965,212
2.0472,224
1.7503,241
1.9365,222
2.0941,212
2.1504,222
2.1190,225
2.0633,223
2.1186,222
1.9754,225
1.9887,231
2.4157,205
1.8382,228
2.1090,221
1.9867,224
1.6806,235
1.9257,233
1.9966,220
2.0593,214
2.0820,209
2.0172,210
1.8734,222
2.2110,201
1.9375,217
2.2098,207
1.8894,229
2.0471,219
2.2002,227
2.0991,216
2.0686,218
1.8436,236
1.9512,232
2.1126,198
1.8972,224
1.9953,218
2.1072,228
2.1998,203
2.1181,220
1.7841,243
2.0158,222
2.4796,217
1.8914,228
2.0050,227
1.8683,235
2.0258,217
2.6337,199
2.1903,224
2.1383,227
1.9953,234
2.0488,218
1.8892,231
2.2036,214
2.0550,208
1.9928,225
2.1453,225
1.8656,237
2.0974,220
1.8961,228
1.8033,244
2.0933,223
1.8663,229
1.9397,229
1.9703,246
1.9485,227
1.9061,220
2.3424,214
1.8597,235
1.9637,233
1.9543,231
1.9325,226
1.9882,217
1.9508,225
1.9400,215
2.1251,218
1.9717,222
1.8688,234
2.0383,229
2.0333,219
2.1127,233
2.3326,237
1.7116,238
1.9715,217
2.1108,214
2.0472,222
1.8089,247
1.9647,215
2.0355,223
1.7733,229
1.9403,236
2.0780,232
1.8282,232
2.0099,229
2.0083,213
2.0475,221
2.1881,212
2.2400,211
2.0408,218
2.2404,227
1.9851,230
1.7754,227
1.9098,217
1.8567,226
2.3386,223
2.1300,225
2.1248,212
2.1355,226
2.1131,219
2.2435,232
2.1592,213
2.0008,227
1.8963,229
2.3365,211
2.0873,219
2.1531,204
1.8394,230
1.9978,216
2.2109,223
2.1080,224
1.7731,240
2.2605,210
2.1427,226
1.8045,235
2.1563,213
1.9849,214
2.0205,212
1.6655,244
2.1674,227
2.1817,219
1.9150,219
2.0603,216
1.7988,237
1.9512,235
2.1542,210
1.7184,236
2.0718,230
1.8326,230
1.9514,231
2.0854,230
2.1344,209
2.1255,222
2.1423,224
2.3371,227
1.9051,227
2.3133,206
2.0268,222
2.1450,208
1.9774,228
2.0396,220
2.0037,222
2.0562,226
1.9665,237
2.0400,227
2.0498,230
2.0606,214
1.9831,227
2.3041,199
2.0962,208
2.0156,231
1.9309,232
2.1841,215
2.2922,210
2.0267,230
1.9188,227
2.1621,225
1.9803,208
2.0231,212
2.0794,223
2.3503,204
1.9328,234
1.9854,227
2.2297,217
2.1353,208
1.8376,234
1.9661,219
2.1072,203
2.5353,208
1.9156,229
2.0973,206
1.9817,218
2.0265,229
1.9517,228
1.9326,213
2.1465,207
2.2758,208
1.9564,235
2.0406,226
2.1121,221
2.0781,215
2.1594,227
2.0463,226
2.0565,222
2.0587,224
2.1696,219
2.0964,222
1.7828,234
2.1113,211
2.0791,227
1.9390,226
1.9412,214
1.9902,215
2.1651,211
1.9502,230
1.9671,222
2.0249,228
1.9968,217
2.1110,219
1.8722,218
2.3946,216
2.1816,211
1.9484,220
2.0683,224
2.0910,233
1.9615,232
1.9406,222
2.0798,222
2.1660,232
1.8412,232
1.8218,222
1.9470,241
1.8850,236
1.9210,227
2.0533,223
2.1297,212
2.2168,227
2.0406,220
1.9949,215
2.1465,226
1.8328,228
1.7837,244
2.1914,222
2.1863,233
1.9726,231
2.1442,218
1.9019,217
2.3400,214
2.2768,212
2.0883,227
1.8493,230
1.9700,245
2.0238,226
1.9596,220
2.0932,214
2.2445,215
2.0580,213
2.1222,213
2.0016,224
2.1464,221
2.2378,226
1.9488,219
2.2641,221
2.2786,212
2.1224,210
1.9687,221
1.9189,231
2.2732,215
2.2082,221
1.9527,227
2.2539,202
2.0984,224
2.2483,217
1.8418,229
1.8941,223
1.9148,230
2.1574,221
2.0721,221
1.9236,231
2.1152,209
2.1730,212
1.9210,234
2.2679,205
2.1270,230
2.2079,216
1.8733,231
2.0256,230
2.0013,230
2.1818,223
2.0157,231
2.0136,212
1.7851,227
1.8618,242
2.1931,224
2.2008,215
1.8063,231
1.9976,227
2.0357,222
2.1295,210
1.9296,227
2.2386,225
1.7882,236
2.2041,211
2.1486,219
1.9663,242
1.7991,228
2.0393,220
2.1252,203
2.0114,222
1.7112,226
2.1054,221
2.1905,217
1.9276,232
1.9245,229
1.9024,231
2.1364,218
1.9243,229
2.1030,215
1.9767,237
2.0410,208
1.7771,223
1.8963,228
2.0809,221
2.0078,220
2.0917,221
1.9404,233
1.9702,219
2.0717,216
2.2393,208
2.2065,206
2.0088,233
2.1692,220
1.9378,236
1.8193,242
2.0846,224
2.0077,224
2.2028,215
2.0778,229
2.1139,201
2.0368,232
2.0856,214
2.2754,214
2.1626,212
1.9272,231
1.9939,221
2.1403,216
1.8569,222
1.9174,239
1.9211,234
2.0823,239
1.8929,228
1.9310,225
2.0957,210
2.0206,230
2.0424,215
1.8042,226
1.9842,220
2.1094,221
2.0994,222
2.1402,233
1.9358,236
2.1000,221
2.2734,216
2.0168,221
1.9888,231
1.8874,232
1.9709,222
1.9881,226
2.1039,216
1.9809,219
1.9174,226
1.8999,233
2.1738,218
1.9579,224
2.0594,230
2.1365,232
2.0856,225
2.4750,209
1.8337,234
1.9087,234
2.2714,224
1.9703,225
1.8193,230
1.9624,217
2.3300,225
2.1925,214
2.1078,215
1.9339,213
1.7962,230
2.0580,234
2.0159,224
2.2401,199
1.8007,207
2.1851,215
1.8164,233
2.3754,209
2.0789,224
2.1611,217
2.1289,217
1.8136,238
2.1615,213
1.9506,235
1.7629,249
2.1568,214
1.6989,239
1.8216,228
2.2265,222
2.1489,234
1.9761,240
1.6647,248
1.8882,212
1.8891,221
1.8621,228
1.9749,233
2.0591,222
2.0747,214
1.6744,238
2.0196,227
1.9323,236
2.1517,218
1.9341,236
1.8715,236
1.9923,228
2.0105,220
2.3858,214
2.0435,224
1.9994,227
1.9736,245
1.8511,224
2.1743,210
1.9922,219
1.8596,219
2.2111,213
1.7793,242
1.7668,235
2.0937,226
2.1352,224
2.0675,206
2.2585,202
1.9329,235
2.0566,211
1.9822,230
2.1438,220
2.1478,216
1.9008,240
2.0631,213
2.1740,213
2.0135,220
2.0848,225
2.1881,216
2.1883,228
2.0497,221
1.9851,226
2.0376,224
1.9882,238
2.0453,233
2.1630,216
2.2514,215
2.0905,220
2.0875,217
2.1224,230
1.8274,226
1.7835,244
2.2014,217
2.1681,211
2.0963,215
2.1128,214
1.8908,228
1.8941,230
1.9735,226
2.0599,207
2.1337,218
1.9565,222
1.9462,235
2.0245,233
2.2242,213
1.8338,233
2.0139,228
2.0691,224
2.0332,217
2.1900,222
2.0830,218
1.9455,222
2.1633,228
2.2686,216
2.1339,214
2.1778,216
2.2837,215
2.1350,221
2.1779,214
1.9132,217
2.0406,228
2.1678,225
1.9148,226
1.8831,233
2.2537,213
2.1547,228
2.1505,199
2.4361,195
2.0648,209
2.0038,225
2.1072,220
2.1947,216
1.9011,214
1.7602,244
2.0375,238
2.0178,230
1.9462,228
2.1728,233
1.9558,232
1.8761,214
1.9354,227
2.2990,201
2.0517,225
2.1100,230
2.0281,224
1.9392,219
2.0485,220
1.9279,229
2.0825,223
1.8721,236
1.7738,245
2.0644,212
1.9737,226
1.9100,218
2.0150,232
2.3588,220
2.2007,227
2.2257,208
2.0536,223
1.9345,226
2.0690,218
1.9136,230
2.0098,218
1.8891,248
1.9602,226
2.0796,229
1.9519,228
2.0999,208
1.9926,217
2.0253,215
1.7418,233
1.8673,230
1.9402,235
1.8519,249
1.8533,239
2.0375,227
2.4353,220
1.7544,230
2.0458,243
1.9340,220
2.0704,220
1.9866,228
2.2775,216
1.8896,236
1.8662,226
2.3579,205
1.9370,228
1.9302,234
2.3352,201
2.1585,198
1.9605,210
2.2148,200
2.0077,225
2.0043,222
1.9726,226
2.1416,218
2.1508,218
1.9530,228
1.7925,238
1.9826,215
2.1394,221
2.2063,218
1.9774,228
2.0544,212
2.0127,224
2.2235,216
2.0755,218
2.2912,210
2.1288,221
2.0358,223
2.1895,218
2.2138,216
2.1908,218
2.0872,207
1.9827,222
1.8074,243
1.8509,223
2.0455,225
2.1100,219
1.9830,227
1.9458,234
1.9979,226
1.7939,232
2.1323,206
2.1825,210
1.9065,232
2.5881,208
1.8226,229
2.0757,223
2.3128,202
1.9727,230
2.0527,225
2.2385,228
2.1841,223
2.0454,227
1.9964,235
1.9894,231
1.9457,210
2.2282,209
2.0335,226
2.0404,223
1.9392,228
2.0626,225
2.1409,234
1.9683,244
2.1352,229
2.1354,224
1.7568,236
2.2074,215
1.8199,226
1.8590,220
1.9918,233
2.0989,216
2.1205,220
2.0476,216
2.1192,213
1.9342,230
2.0990,220
2.0564,225
2.2440,202
2.2751,217
1.9546,243
2.1765,203
1.9834,229
1.8694,229
1.9446,235
2.0429,235
1.9636,220
2.2432,210
2.1319,213
2.2277,208
2.0208,225
2.0474,223
1.8811,234
2.1796,214
2.2454,231
2.1902,220
1.8978,233
1.7601,236
1.9808,227
1.8985,227
1.9192,228
1.8888,217
2.0109,207
1.9503,219
1.9181,234
1.9603,221
2.0755,229
1.8855,220
1.9998,237
1.9394,233
2.0828,236
2.0546,218
1.9816,222
2.2233,212
1.8752,225
2.2285,212
1.9767,222
2.0767,214
2.1300,215
1.7787,241
2.1123,222
1.8132,235
2.1610,209
1.9073,223
1.9447,230
1.9783,216
2.0151,215
2.0465,216
2.1194,215
1.9107,224
1.8977,238
1.9011,223
2.1470,224
2.0066,227
2.1179,209
2.0081,232
2.0016,224
1.8730,237
2.2065,224
2.0206,217
1.6187,245
1.8422,232
2.0805,214
1.9387,235
1.9111,218
2.1869,233
2.3525,209
2.0249,233
1.8734,222
1.9196,225
1.9822,224
1.9249,228
1.9931,228
2.2196,231
2.0368,222
1.8801,223
1.8290,239
1.8050,234
2.0108,224
1.9503,227
2.0943,230
1.6344,250
2.1052,208
2.1425,223
1.9550,220
1.9234,231
2.0525,225
1.9960,220
2.1293,222
1.7691,233
2.4126,210
2.0723,230
1.8621,215
1.9688,230
1.8653,240
1.8844,235
1.9141,229
2.0497,227
2.0017,221
1.9387,229
2.1434,224
2.3253,214
2.1306,226
2.2060,221
2.0729,225
1.9307,231
2.1579,207
1.9636,249
2.0334,235
2.1941,215
1.7944,245
2.2799,215
2.0220,206
2.2537,214
2.0134,210
2.3234,214
1.8808,225
2.1412,218
1.8503,226
2.0278,223
2.0070,237
1.9241,233
1.8286,237
1.9013,235
1.9949,213
2.0327,224
2.0742,221
1.8605,229
1.7769,233
1.9083,218
1.9312,239
2.0503,223
1.8157,239
1.9504,233
1.9752,223
1.6345,244
1.8636,241
2.0779,232
1.8251,239
1.9534,219
2.0289,227
2.0351,221
1.8731,235
2.1212,229
1.7565,244
2.2366,218
1.7838,237
1.8945,235
2.0385,231
1.9572,239
2.1845,231
1.8880,239
2.1007,226
2.0357,221
2.1601,231
2.0185,221
1.9817,227
2.0921,219
2.2697,225
1.8642,241
1.9396,227
1.8298,234
2.1369,231
1.8067,224
1.8944,236
2.2768,201
2.3145,215
2.1095,241
1.8043,238
2.2406,208
2.0325,213
1.9937,233
2.0748,222
2.3219,216
2.0579,226
2.2715,211
1.9843,226
1.8851,239
2.0519,224
1.9579,233
1.9422,223
1.8606,221
2.0089,226
2.1296,225
1.6913,239
2.1715,230
2.0570,225
1.9451,232
2.1859,207
2.1782,219
2.0981,217
1.7711,230
2.0362,235
2.0617,233
1.8692,229
1.7141,233
1.8673,233
2.1906,233
1.8474,221
2.0810,227
1.8576,239
1.8860,233
2.0735,216
2.0365,230
1.9271,230
2.1132,219
2.2915,210
2.1063,218
2.1960,218
1.9938,236
1.8855,235
2.0222,221
1.7787,223
2.0271,232
2.0427,220
2.2799,223
1.9942,224
1.8676,221
1.9864,232
2.1275,216
2.1278,222
2.3038,210
1.8176,238
2.0794,224
1.8964,233
2.1291,226
1.9755,222
1.9829,212
1.9484,227
2.1003,203
1.9297,222
1.8506,232
2.3975,208
2.0678,214
1.8175,232
1.9707,218
1.7807,238
2.0425,226
1.8662,239
1.7906,227
2.0820,217
2.0831,231
1.7209,241
2.0305,226
2.0089,223
1.9554,228
2.0704,228
1.9299,228
2.2166,212
1.9892,234
1.9541,230
1.9117,236
2.1931,226
1.8414,223
2.1477,206
2.0369,229
2.4558,224
2.0289,220
1.9667,228
2.0681,227
2.2487,230
2.1140,220
2.1354,223
2.0114,217
1.7321,232
1.6951,234
1.8144,237
2.1826,205
2.0503,226
1.7366,245
2.2143,233
2.0659,226
1.7851,246
1.9254,239
1.8092,240
1.9685,226
1.8335,226
1.8693,233
1.9938,219
2.0362,224
1.9472,233
1.8773,240
1.9547,214
1.9753,229
2.1465,220
1.6929,232
2.3363,217
1.6577,246
1.8788,229
2.0684,225
1.8339,234
1.9212,226
1.8909,230
1.9631,220
2.0411,232
2.0367,211
2.0085,214
1.8984,223
1.6406,242
2.0888,226
1.9349,237
2.0140,227
1.8743,224
2.0507,230
1.9073,228
1.7406,227
2.0353,231
2.2288,220
2.2552,218
1.8912,230
2.0083,224
2.0634,238
2.1449,226
2.1545,221
2.0383,241
2.1565,220
2.0368,226
1.8005,224
2.1913,224
2.4095,217
1.9703,236
1.8859,229
2.2018,231
2.3258,207
1.6768,242
1.8266,234
2.3963,206
1.9371,225
2.2821,222
2.0145,230
1.8685,226
2.0416,231
1.6410,250
1.9972,225
2.0009,214
1.8541,241
2.1133,214
1.9251,239
1.7388,240
1.9286,217
1.9376,223
2.1072,216
2.4750,215
1.9175,227
1.9303,242
2.2163,219
2.1581,235
2.3013,226
1.9231,232
2.0967,232
1.9901,236
2.0071,228
1.9177,227
1.9750,232
2.0187,224
1.7169,250
1.9241,233
1.8446,233
2.0386,211
2.0381,218
2.0521,226
2.0545,231
1.9177,222
2.2163,215
2.2472,226
1.8153,237
2.0879,216
2.0780,225
2.1205,219
1.8025,247
2.2190,224
1.7333,245
1.9072,233
2.0245,229
1.7494,238
1.9057,235
2.2656,219
1.8785,238
1.9229,221
1.7270,224
1.9300,220
1.9878,226
1.8633,234
2.0938,227
2.0483,228
2.0141,224
2.1342,211
2.0788,229
2.0445,219
2.0111,226
2.2165,229
2.0937,211
2.0091,245
2.3607,212
2.2042,214
1.9387,233
1.9503,222
2.0346,241
1.9867,233
2.1002,214
2.0162,227
2.0211,230
2.1461,224
1.8749,235
1.7709,237
2.2002,225
1.8699,234
2.1416,217
1.7126,233
2.0082,219
1.8316,240
2.0520,219
1.9680,226
2.1048,223
2.0003,222
1.8717,224
1.9821,231
1.9268,239
1.8018,234
1.8518,232
2.0135,213
1.9705,206
1.7815,247
1.8665,215
1.9868,217
1.8380,229
1.9659,235
1.9596,231
1.9695,238
1.8272,240
2.0362,222
2.1177,226
1.9513,231
1.9938,220
1.8382,232
1.8462,228
1.8516,229
1.9625,213
1.9111,217
1.8228,233
2.0849,230
1.7694,254
2.1743,199
1.7142,244
2.0055,223
1.9041,224
1.8100,238
1.9679,228
1.7549,234
2.0770,222
2.0982,231
2.1527,223
1.9085,233
1.8640,232
1.8824,234
1.9238,227
2.2751,222
1.9686,229
2.0829,213
2.1827,232
2.0319,214
1.9129,217
1.8733,224
1.8478,245
1.9470,219
2.0625,239
2.0348,230
1.9368,225
2.2180,215
2.0346,232
2.0937,221
1.9627,226
2.0063,232
2.0424,225
2.0493,226
1.9403,228
1.7256,236
1.8881,239
1.9792,220
1.8600,221
1.8800,252
2.0102,218
1.9559,220
1.9620,222
2.0894,225
2.0310,235
1.8860,234
1.7966,250
1.7980,226
2.1574,210
1.8668,235
1.9599,251
2.0179,221
1.9766,230
2.0200,236
1.9147,227
1.9683,221
2.0419,228
1.6028,239
1.7447,224
2.2867,224
2.1777,223
1.9016,237
2.0980,219
1.7259,239
1.8418,231
1.7827,240
2.2289,230
2.1387,214
2.0890,225
2.2654,220
1.8683,249
1.8480,234
1.9952,242
2.3296,218
1.7973,224
2.1161,202
1.9685,228
1.8233,239
1.8567,239
2.1083,218
1.9495,233
2.0260,226
2.1679,216
2.0695,226
1.9025,241
1.9108,235
1.8253,232
1.8786,224
1.8039,231
1.9130,224
2.2022,220
1.8263,244
1.5566,232
1.9876,229
1.7953,239
1.7476,239
1.8403,230
2.0914,240
1.7426,244
2.0020,235
1.7750,236
1.9087,232
1.7798,229
1.9220,217
1.6875,242
1.7910,239
2.1636,216
1.7692,237
2.0831,216
2.0917,233
1.9831,235
1.7582,225
2.0117,232
2.2113,219
2.0084,227
1.8860,239
2.0950,232
2.0081,228
1.8317,242
1.8721,231
2.0186,221
1.9370,221
1.8837,230
1.7701,228
2.0190,230
2.3278,217
1.7963,238
2.1493,218
1.9736,224
2.1482,221
1.5788,241
2.0931,227
1.7977,241
1.9839,244
1.8680,231
1.9508,233
1.7035,234
2.2119,208
2.0606,235
1.8336,237
1.9067,223
1.8861,236
1.8472,232
2.0345,236
2.4666,212
1.8551,239
2.1328,223
1.9921,225
2.2071,224
2.0020,227
2.0179,224
1.7864,231
1.9709,237
2.1483,213
2.1719,227
2.0806,230
2.2964,211
2.0439,212
2.2490,215
2.0167,234
1.8214,228
1.9669,236
2.0819,218
1.9517,229
2.0844,210
1.7775,243
2.0174,232
1.9414,233
1.9865,221
1.9434,223
1.7719,235
1.9332,225
1.8578,232
1.9442,226
1.9774,240
1.7250,248
1.6020,257
1.8522,243
2.1612,220
1.8430,237
1.7463,241
2.0145,209
2.0401,219
2.1154,223
2.0649,218
2.0661,225
2.0261,234
1.7987,235
1.9007,226
2.0665,225
1.7587,234
1.9678,229
1.8284,239
2.1282,213
2.0513,226
1.8331,231
2.2272,216
1.7478,226
1.9307,227
1.7280,243
2.2121,208
2.0454,218
2.0699,225
2.0524,230
2.0107,227
2.0254,213
2.0031,238
2.0064,222
1.9961,236
1.9108,228
1.9333,247
2.0919,231
1.9894,227
2.0076,224
1.9564,227
2.0218,236
1.7197,234
2.0800,224
2.0931,230
2.1612,215
1.9603,212
2.0111,221
2.1325,214
1.4742,259
1.8492,246
1.9369,232
1.8739,236
1.9307,238
1.9931,214
1.9980,227
2.2508,227
1.9843,227
2.2770,218
2.3782,214
1.7833,225
2.0516,222
2.0645,226
2.0502,226
2.1063,229
2.0439,217
1.6097,254
2.1209,225
1.8841,230
1.9198,229
1.8772,220
1.8128,232
2.1820,232
1.9999,220
2.1190,226
2.1670,215
2.2010,219
1.9845,229
1.8896,217
2.0569,224
1.8429,242
1.8894,224
1.9440,223
1.8751,239
1.7743,235
2.0158,225
1.8690,230
1.9729,226
1.9073,224
1.9751,228
2.1147,225
2.2668,212
2.2091,224
1.7535,239
1.8889,232
1.8505,236
2.0131,222
2.0728,231
1.9421,220
2.1904,242
2.1035,227
2.1047,236
1.9881,222
2.0416,237
1.9292,230
2.0185,219
1.8418,227
1.8899,253
1.9260,234
1.8384,227
1.7461,237
1.9716,236
2.1854,205
1.9456,225
1.8384,239
1.8528,232
1.8628,232
2.1075,215
1.7471,237
2.1753,235
2.2463,205
1.9340,233
2.0544,222
1.8705,238
2.0684,229
2.2525,226
2.1296,231
1.8956,226
1.8254,227
2.0550,211
2.1110,230
1.9174,226
1.7394,234
1.8685,235
1.7769,242
1.8527,234
1.9169,232
1.7362,241
2.1211,224
1.7157,237
1.9913,247
1.7418,240
2.1352,244
1.9855,237
1.7227,254
2.1821,227
2.2851,218
1.6961,243
1.8916,216
2.0723,225
1.9470,237
1.7898,233
2.0008,217
1.9003,233
1.8796,222
2.3430,220
2.3363,210
1.9544,237
1.9349,237
2.1534,223
1.9819,216
1.7294,241
1.9153,235
1.8232,243
1.8254,231
1.8004,237
2.1188,219
1.8204,230
1.8200,229
1.8103,240
1.7561,236
1.8918,229
1.8082,239
1.8545,228
1.8505,242
2.0932,225
2.2569,212
1.7086,234
1.7532,232
1.9312,230
1.9639,215
1.9279,244
1.9752,214
2.1651,214
1.8546,237
1.9641,224
2.0250,237
2.1811,211
1.9029,232
1.9388,228
1.7726,245
1.8257,230
1.9207,234
1.7769,237
1.9304,228
1.8895,221
2.1506,233
2.2335,222
1.8649,232
2.3411,228
1.8691,239
1.9001,238
1.7885,252
2.0602,221
2.3669,206
1.8261,223
1.8654,240
2.2431,224
2.0821,238
1.8697,238
2.1255,216
1.8944,225
1.7986,241
2.0701,230
2.0983,222
2.0131,224
1.9451,229
2.0302,229
1.7333,240
1.9714,232
2.0541,223
1.9679,230
2.1051,227
1.7289,230
1.9170,229
1.8954,232
1.9450,220
2.0543,230
2.1430,238
1.8898,232
2.2593,225
1.9549,232
1.8100,244
2.2138,221
1.9287,239
2.0516,244
2.0874,228
1.6993,234
1.9869,230
1.9924,219
1.7992,231
2.3364,218
1.9112,234
1.7024,241
1.7812,244
1.7487,242
2.0359,221
1.7816,234
1.9373,226
1.8856,231
1.9139,223
1.8987,233
2.4138,202
2.2055,226
2.2259,214
1.6971,243
1.9461,226
1.7897,232
1.9618,229
1.7781,247
1.9511,230
2.0015,229
2.2284,213
1.9744,228
1.7654,237
2.1348,222
2.0194,230
2.0977,236
2.1439,240
2.0782,221
1.9946,220
1.9266,234
2.0177,230
1.8337,229
1.8753,233
1.8315,241
1.8200,231
1.7326,236
1.9789,226
1.8646,243
1.6388,250
1.8283,216
2.0759,221
1.8431,232
1.7830,234
1.9362,221
2.0951,217
1.6832,233
1.8605,231
1.9849,217
1.9824,237
2.0970,227
2.0087,226
1.7703,249
1.7796,249
1.9196,223
1.9801,225
1.9921,225
1.7008,244
1.7978,236
1.8756,239
1.9133,249
1.8537,232
2.0174,223
2.2051,204
1.6659,238
1.9919,222
1.9414,245
1.9863,224
1.9943,232
1.9595,218
1.9583,236
1.8388,237
1.9387,233
2.0638,211
1.8016,250
2.2946,202
1.9405,227
1.8464,237
1.9511,221
1.8327,240
1.8207,223
1.9777,231
1.8369,236
1.8723,232
1.7333,234
1.9586,245
2.2088,221
1.9810,238
1.7420,232
2.2587,232
1.9803,227
1.9407,241
1.8893,223
2.4056,218
2.0413,223
2.0955,233
2.1284,232
1.8316,245
1.9467,230
1.8962,241
1.7303,244
1.8836,227
1.8947,234
1.9644,225
1.7989,249
2.0253,219
2.1449,220
2.1015,214
1.9076,236
1.8008,231
1.8844,241
1.9266,238
1.9154,226
1.9751,223
2.0236,222
1.8066,257
1.7505,234
2.1002,231
1.9317,224
1.6982,244
1.8401,231
1.8445,226
1.9493,221
2.0762,210
2.1309,231
1.8388,246
1.9489,220
1.7579,228
1.7780,233
1.9395,232
2.0086,237
2.0760,211
1.8256,247
1.9804,224
1.6489,241
1.9526,223
1.9173,234
1.9570,241
1.9432,233
1.6468,230
2.0829,218
2.0447,234
1.8012,235
2.0117,225
2.0011,224
1.9280,219
2.0745,235
1.9724,228
1.9317,221
2.0544,238
1.6189,247
1.8840,224
2.1108,219
2.0533,243
2.0121,219
2.0248,228
1.7934,238
1.7553,239
2.1878,229
2.1361,218
1.9116,234
1.7543,250
2.1135,225
1.9509,227
1.7949,248
1.9087,227
1.8858,246
1.7382,235
1.6869,235
1.8654,227
1.9978,230
1.9267,241
1.7494,232
2.0583,234
2.0206,244
2.0055,229
2.2365,210
1.9765,222
2.0341,224
1.6958,245
2.1507,226
2.2539,220
1.7635,233
1.9161,236
1.9419,224
1.8979,224
1.8670,253
1.8463,231
2.0082,223
1.8749,226
2.1490,235
2.1147,235
1.7539,246
1.8187,247
2.0143,231
1.8283,243
2.2114,219
1.6375,245
2.0761,217
1.9363,246
1.8429,226
1.9395,230
2.0089,228
1.9450,227
1.8289,238
2.0650,226
2.0735,242
1.9373,229
1.8089,239
2.2181,223
1.7770,234
1.9115,215
1.9237,222
1.7263,223
1.8653,231
1.8406,243
2.2713,239
1.8672,230
1.7919,229
1.9934,230
2.0488,236
1.8971,234
2.1025,221
1.9636,226
1.9515,222
2.0492,217
2.2595,233
2.0183,226
2.0537,218
2.0800,222
1.8108,234
1.9628,241
1.7968,240
1.8668,225
1.9545,228
1.7225,230
1.9717,226
2.2158,216
1.9944,224
1.8119,243
1.8168,232
1.8408,238
1.9161,237
1.8052,241
1.7707,244
1.7679,243
1.6191,252
2.0050,223
2.0091,235
2.0213,232
1.7432,241
1.9709,222
1.9372,253
1.8719,244
1.9592,223
1.6745,247
1.9721,230
1.9585,224
1.8229,245
1.7721,238
1.8729,236
1.9043,246
1.9888,238
1.7673,229
1.8625,236
1.7663,225
2.1598,224
2.0151,241
2.1083,214
2.0760,228
1.6645,252
2.0286,241
1.8073,241
1.8580,233
1.7867,231
2.0996,219
1.9791,226
2.0511,213
1.7062,243
1.7078,243
1.6823,242
1.6562,233
1.8831,236
1.8275,227
1.8737,222
1.9371,225
2.2548,223
2.1708,215
2.0168,233
1.9612,231
1.9329,240
2.1898,231
1.8462,239
1.8766,221
1.9312,237
2.0117,229
2.1301,224
2.0794,219
1.7524,243
2.0085,237
1.7876,243
2.1773,225
1.8383,240
2.0419,228
1.9631,234
2.0586,230
1.8232,242
1.8611,237
2.1086,224
1.9515,224
2.0072,227
1.8630,234
1.8893,231
1.7124,247
1.8085,234
1.7755,222
1.8417,235
1.9087,229
1.8448,234
1.8577,231
2.2523,219
1.8721,240
2.0092,222
1.8777,228
1.6147,245
2.1632,227
1.9185,227
1.8472,236
1.9674,231
1.9800,233
1.8786,237
1.8636,244
2.0032,224
2.1010,231
2.1680,224
2.0586,220
1.9883,234
1.9370,240
1.9073,228
1.9555,230
1.8263,245
1.8752,237
1.8206,230
1.7163,242
1.9997,217
1.8757,243
1.9466,238
1.9498,243
1.9196,231
2.0582,226
1.9935,233
1.8503,240
1.9446,227
1.9138,235
2.0200,224
1.8683,216
1.8792,227
1.9386,234
2.0990,230
1.8321,230
1.9597,227
1.8131,227
1.9332,206
1.8719,230
1.8063,230
1.7495,247
1.9128,243
1.9862,241
2.0148,224
2.0324,233
1.8883,222
1.9645,221
2.0448,242
1.7984,239
2.2039,232
1.9999,227
2.1030,220
1.8350,237
2.0390,216
1.8951,228
1.8606,238
2.0264,223
2.0510,233
2.0270,227
1.9628,237
2.3314,206
1.8946,232
1.8355,234
1.8441,235
1.9330,234
2.0873,217
1.9661,236
1.7048,232
2.1028,217
1.7363,231
2.1023,216
1.9133,228
1.8304,246
2.0537,228
1.9227,232
1.9423,231
2.2678,214
1.9444,230
1.9660,225
1.9228,240
1.8106,234
2.0883,219
1.9869,220
2.1560,219
1.6512,246
2.0053,225
2.2572,213
1.8041,240
1.8507,239
1.7718,264
2.1256,224
2.0625,211
1.7719,230
2.0842,239
1.7771,253
2.1149,226
1.9835,214
1.9693,230
1.9459,226
2.0632,227
2.2819,215
1.7990,229
1.7710,228
2.1017,223
1.9137,228
1.8210,225
1.9416,224
1.9762,234
2.2689,212
2.1033,235
1.8003,237
1.7877,236
1.9277,241
1.9271,223
1.7222,235
2.1809,207
1.8387,239
2.1277,221
1.9198,240
1.8947,243
2.0051,232
2.0963,238
1.8171,244
1.9683,230
2.2369,216
2.2093,216
1.7609,235
1.8817,233
1.9129,208
1.8567,232
1.6810,247
1.8202,250
1.8851,233
2.1177,229
2.1633,225
2.0464,223
2.0223,223
2.1357,215
1.8679,230
1.9996,248
1.7344,243
1.9413,234
1.8528,242
1.9417,233
1.9152,224
2.0257,228
2.2408,227
1.7536,238
2.0818,222
2.0940,231
1.5738,247
1.9785,234
1.9694,226
1.8213,234
1.6619,246
2.0357,227
1.7932,237
1.6104,265
1.7142,240
1.9696,250
1.8553,229
1.8915,230
1.9358,234
2.0437,216
2.0699,244
1.9306,221
1.9962,230
1.6026,246
1.7205,246
2.3285,222
1.9539,227
1.8251,253
1.7727,242
2.0549,227
1.9777,242
2.0541,211
1.9497,235
1.8913,251
1.9729,221
1.9826,221
1.8912,243
1.9737,228
1.9184,228
2.2087,210
1.9727,228
2.1390,225
1.8685,232
2.1421,223
1.8667,239
2.0141,221
1.6947,265
1.7304,231
1.7038,247
1.7707,226
1.9477,233
1.7015,249
1.9222,236
2.0005,223
1.8287,246
1.7577,258
1.7474,235
2.0950,226
2.3105,213
1.8643,233
1.9294,239
2.0395,233
2.1238,225
1.8483,237
2.1153,220
1.6983,251
2.0832,236
1.7882,235
1.9628,234
1.8361,227
2.0681,239
2.0308,216
1.8152,239
1.8389,242
1.7586,232
2.1872,223
1.9598,235
1.6969,244
2.1106,224
1.6855,235
1.9878,224
1.8447,241
1.6472,232
1.9675,231
2.1037,227
1.8744,233
1.6843,242
1.7818,243
1.8528,230
2.0014,230
1.9287,219
1.9549,245
2.0963,223
1.7415,229
1.9195,242
1.8229,239
2.0400,236
1.9981,236
1.7814,239
1.8652,240
1.9422,225
1.7388,243
1.6786,253
2.0247,244
1.9443,218
1.9327,234
1.8437,241
1.8064,234
1.8013,228
1.9604,232
2.1147,240
2.0426,220
2.1037,226
2.0533,226
2.0711,247
1.9446,220
2.1024,224
1.9309,225
2.0741,239
1.8388,241
1.6567,241
1.9521,235
2.1634,224
2.1332,233
2.1598,227
2.1487,215
1.9051,237
2.0479,228
1.7386,231
1.6847,245
1.7712,244
2.1532,230
2.0504,233
1.7804,244
1.8058,251
1.7303,236
1.8774,228
1.8121,233
1.6941,233
2.2028,233
1.8939,244
1.9255,238
1.8095,240
2.0152,237
1.8915,248
1.9410,239
1.9756,230
1.7399,240
1.7480,238
1.8482,243
2.0537,221
1.9426,239
1.9126,232
1.8009,217
1.8460,243
2.2472,229
2.0741,224
1.6876,240
1.6435,246
1.6921,249
2.0051,232
1.9154,217
1.8161,240
2.0589,221
1.6045,243
1.8064,244
1.8667,249
2.0048,247
2.0450,212
1.9148,226
1.6369,240
1.7746,236
1.8100,237
1.7530,248
2.0734,225
1.9377,225
1.9198,226
1.9919,222
1.8767,228
2.0759,223
1.8964,244
1.7741,238
1.8977,231
1.8215,229
1.7593,233
1.8877,228
1.9857,223
1.9492,230
1.9416,246
1.5390,246
1.7230,250
1.9223,234
1.8291,235
1.8628,248
1.8365,237
1.8851,227
1.8029,230
1.6932,236
1.8284,250
1.8421,226
2.0458,226
1.8903,240
1.6179,233
1.9549,234
1.6907,247
2.1345,227
1.7235,231
1.7661,248
1.9502,236
1.8295,253
2.2508,226
1.8361,219
1.9810,225
1.7457,238
1.9793,232
1.9364,248
1.9259,221
1.7440,236
1.9616,227
2.1216,237
1.8837,219
1.9293,236
1.7033,241
1.7410,228
1.9454,219
1.9900,240
1.8677,235
1.9730,218
1.8424,230
1.8902,231
1.9737,223
1.9617,225
1.7317,242
2.2032,214
1.9725,244
1.8422,236
1.9694,205
2.3921,222
2.0736,217
1.9778,228
1.8772,230
1.9112,240
1.8244,224
1.8592,225
1.9055,226
1.8632,235
1.8121,253
1.8058,228
1.8563,224
2.0110,239
1.8446,235
1.7181,242
1.8095,224
1.8546,238
1.9706,223
2.1054,223
1.8922,230
1.8538,221
1.8787,235
1.7962,233
1.7899,242
1.8745,235
1.5219,257
2.0909,231
2.0033,220
1.7268,246
1.9605,236
1.8669,212
1.9883,230
1.8009,228
1.9227,246
1.9009,229
2.0701,217
2.0640,219
2.0050,219
1.9726,236
1.7509,235
2.1875,220
1.8034,226
1.8422,225
1.7430,234
1.8236,226
1.9856,222
1.7154,242
1.8558,230
1.8673,224
1.9833,230
1.8405,224
1.8851,231
1.9237,227
2.0913,219
2.0244,224
1.7920,224
1.9923,229
2.0014,235
2.0110,212
1.6590,240
2.1139,214
1.8049,240
1.7408,238
1.7757,237
1.7352,252
2.1691,218
1.6855,254
2.0319,223
1.6962,247
1.8464,242
1.9224,232
2.0626,219
1.9387,240
1.9325,230
1.7604,232
1.9672,235
1.9060,238
1.7917,222
2.0162,228
2.1111,217
2.0492,243
1.6274,242
1.7658,251
1.7198,237
2.1252,230
2.1201,225
2.1375,227
1.9816,243
2.0702,227
2.0759,233
1.8342,232
1.8681,234
1.9673,229
1.7132,239
1.8663,233
1.8947,244
1.7404,234
1.7706,246
1.6232,245
2.0694,237
1.9525,233
2.2520,225
1.9358,225
1.9084,224
1.7572,246
1.9868,237
1.8822,240
1.9280,244
1.9949,228
1.8073,223
1.7762,244
1.8879,242
1.8580,232
1.9516,232
1.7333,255
2.0040,230
1.8178,242
2.0507,228
1.8996,237
1.7561,247
1.8402,219
2.0854,229
1.6928,235
1.9071,234
1.9042,249
1.8862,232
1.9395,241
1.8715,232
1.8790,227
1.9263,252
1.8951,233
1.9461,232
1.8936,253
1.7558,238
1.9379,222
1.9424,225
1.9720,232
1.8398,243
1.8328,248
1.9518,226
2.0491,231
1.8404,240
2.0370,236
2.0338,230
1.7031,231
1.6605,245
1.7403,220
2.0706,228
1.9378,236
1.5628,248
1.9314,228
1.9349,224
1.8381,217
1.9396,234
2.0958,231
2.0201,235
1.8848,230
1.8417,240
2.0751,230
2.0339,233
2.1175,229
1.6234,245
1.9506,239
1.8460,236
1.9509,236
1.7036,246
1.9266,223
1.9329,229
1.5755,241
1.9870,226
1.6974,235
2.0882,222
1.9015,221
1.9913,227
1.7650,239
2.0656,212
1.8097,235
1.9425,225
1.9812,227
1.9871,221
1.9243,229
2.1285,226
2.1613,227
1.9356,229
2.0303,225
2.0959,238
1.8687,233
1.7954,237
2.0913,222
1.7043,242
1.6919,248
2.3247,224
2.0802,240
1.9243,230
1.9207,247
1.8206,229
1.6949,253
1.8695,228
1.9974,233
1.9767,231
1.7933,237
1.8688,223
1.8736,223
1.9082,236
1.7884,231
1.9312,238
1.9205,227
1.9990,224
1.8634,235
1.9469,228
1.8237,239
1.9883,226
2.0887,214
2.2273,226
1.9265,232
1.7649,229
2.0231,228
1.7943,247
1.9541,239
2.0541,237
1.8194,236
2.1052,239
2.0415,237
1.9564,225
1.9990,241
1.9347,237
1.9184,241
1.8165,245
1.8631,241
1.8842,237
1.8320,242
1.8631,234
2.0061,231
1.8370,248
1.7411,239
1.8510,243
1.9473,242
1.6377,243
1.9335,223
2.0875,230
1.7907,229
1.9003,219
1.9327,226
2.1197,218
2.0319,229
1.8035,237
1.9418,227
1.7750,226
1.6979,254
1.8668,238
1.9043,237
1.9633,225
1.9817,231
1.8825,229
1.8222,233
1.9537,237
1.9733,231
1.9500,220
1.8787,246
1.7534,230
1.8551,229
2.0024,243
1.9948,222
1.9263,227
2.1038,227
1.9460,237
2.2084,229
1.9192,225
1.9739,230
1.8198,235
1.9116,219
1.5942,247
2.2192,213
2.0609,235
1.9583,247
1.7536,237
1.9432,226
1.6485,241
1.8955,222
1.9247,227
1.9581,239
2.0264,217
1.7906,240
1.9334,233
2.2109,223
2.2159,240
2.0921,232
1.8447,237
1.9532,233
1.8516,241
1.9317,225
1.8721,235
1.7566,236
2.2052,227
1.7286,250
1.8648,223
2.0101,228
2.1475,229
1.8810,220
1.6453,236
1.8052,226
1.9001,246
2.0904,234
1.8700,236
1.8831,248
2.0551,226
1.7990,257
1.9548,232
1.7245,256
2.1830,234
2.0285,221
1.7978,237
2.0291,220
1.8403,240
1.9137,235
1.6904,244
2.0741,231
1.8920,236
1.7437,241
1.6015,261
1.9633,224
1.8980,232
1.9815,229
2.1418,219
1.8233,234
1.9475,234
1.8704,235
1.7792,247
1.5313,248
1.8782,235
1.5211,260
2.0230,229
1.8520,246
1.8934,249
2.0647,217
1.7752,240
1.9840,243
1.9473,225
1.7057,240
1.9436,242
1.6630,244
1.6108,249
1.8946,225
1.8756,233
1.8307,244
1.9407,229
2.0232,225
1.8984,235
1.8876,222
2.0578,229
1.8473,235
2.0683,230
1.8194,251
1.6336,252
1.6526,251
1.8817,252
1.8207,244
1.9289,222
1.6719,244
1.9306,243
1.9760,231
1.9022,245
1.8067,237
1.7743,241
1.8403,245
2.1908,230
1.8326,244
1.7773,237
1.6058,241
1.9934,237
2.0153,233
1.9583,252
1.9102,249
1.7780,230
1.8660,227
1.9918,231
1.9082,228
1.8953,233
1.8787,225
1.9678,247
1.8749,253
1.7810,238
1.7885,240
2.0951,214
1.7747,229
2.0433,230
1.9409,230
1.9273,235
1.9299,240
1.8090,240
1.8607,243
2.0630,229
1.8390,246
1.9981,215
2.0864,217
1.9444,219
2.0424,224
1.8645,229
2.1199,227
1.9275,218
1.8677,233
1.8505,224
1.8427,249
1.8251,253
1.7642,243
2.1411,218
1.8972,235
1.9821,216
1.7023,248
1.9081,254
1.9190,229
1.9603,230
1.8882,239
1.6560,236
1.7945,235
1.6081,245
2.0428,241
1.5761,249
2.0150,233
2.0895,247
1.8166,226
1.8384,241
1.9452,224
1.9152,235
2.0508,224
1.6841,251
2.2264,222
1.7396,241
1.8577,237
1.7408,237
2.0629,225
2.1154,228
1.8876,228
1.7544,238
2.0815,235
1.7775,246
2.1268,229
2.0941,229
2.1930,214
1.9734,239
1.8088,245
2.0177,229
2.1897,230
1.8539,241
1.9181,229
1.9944,231
1.7640,244
1.9412,222
1.9305,233
2.0023,228
2.0771,227
1.7398,245
1.8741,234
1.7794,243
2.0505,233
1.9907,217
1.7692,243
1.7511,239
1.9612,233
2.0361,240
1.7688,239
2.0115,238
1.8334,239
1.8309,246
1.7810,236
1.9354,230
1.9025,221
1.7941,266
1.9042,222
1.9598,238
1.7663,247
2.0408,241
2.0200,239
2.0383,232
2.1348,224
1.7511,233
1.7158,235
1.8150,237
1.6186,238
1.9664,219
2.0532,222
1.7185,245
1.9420,220
1.7002,256
1.9373,236
1.7388,244
1.6618,256
1.6359,260
1.9539,229
1.9261,244
1.7528,243
1.8507,232
1.8276,245
1.8369,233
1.9255,254
1.8574,231
1.9294,227
1.9932,226
1.9845,232
1.8990,232
2.1958,222
1.9261,244
2.0891,228
1.6757,248
1.8050,243
1.7226,236
2.1153,235
1.9436,236
1.8092,243
1.8258,246
2.0734,236
1.7251,241
1.7967,249
1.8305,237
1.8097,243
2.0400,236
1.8636,234
1.9535,240
1.9004,232
1.8021,237
2.0291,229
1.8338,238
1.7202,251
1.9888,243
1.8626,232
1.7355,246
2.0613,238
1.6777,240
1.8673,239
2.0653,233
1.8595,223
1.9079,232
2.0107,236
1.6139,248
1.7975,231
1.9522,231
1.8154,234
1.7179,245
1.8360,245
1.9405,217
1.8020,245
1.6568,244
2.0261,227
1.7589,239
1.9466,240
1.7473,236
1.7058,235
1.9838,231
2.1468,229
1.7828,244
1.8345,235
1.9536,236
1.7955,249
2.1272,226
2.0497,232
1.7242,239
1.7702,247
1.7260,228
2.0687,238
1.6512,251
1.7637,232
1.7461,249
1.8746,228
1.7869,245
2.1694,233
1.6552,241
1.9125,234
1.9239,228
2.0741,233
2.0417,241
2.2364,218
1.9873,240
1.8246,246
1.8996,237
1.7259,238
1.8901,243
1.8770,239
2.0294,233
1.9378,235
2.0366,231
1.9358,222
2.1742,215
1.6658,239
1.8933,233
1.9304,239
1.8196,242
1.9357,233
1.6283,247
1.9054,223
1.9555,241
2.0472,229
1.6765,245
1.8750,228
1.8441,226
1.6771,249
1.6511,253
1.9673,246
2.0665,234
1.6043,247
2.0071,236
1.5925,246
1.9945,220
2.0291,239
1.7045,246
1.8073,228
2.0574,238
1.8701,234
1.9129,242
1.9386,234
1.8452,252
1.9118,232
1.8766,242
1.9455,241
2.1045,234
2.0823,233
2.1841,225
1.6962,241
2.0136,226
2.0195,228
1.9338,228
1.9626,210
1.7515,247
2.1558,219
1.8266,230
1.9889,236
2.0645,243
1.8846,232
1.7527,233
1.8347,238
1.9430,246
1.9256,230
1.6802,238
1.9379,238
1.9432,238
1.9911,244
1.7611,241
1.7897,241
1.7403,245
2.0842,231
2.0617,233
1.8998,227
2.1826,230
1.9108,237
1.7464,234
2.1020,225
1.8615,228
2.0827,230
1.9006,231
1.8112,246
1.8953,232
1.7948,230
1.9341,229
1.7529,246
1.8249,231
1.9255,233
1.7844,234
2.0292,237
2.1484,237
1.8275,243
1.6533,236
1.7770,235
2.0085,227
2.0268,243
1.8554,237
2.0990,225
1.8014,232
1.7334,242
1.7905,234
1.9865,223
1.9063,235
1.9662,234
2.0643,224
2.1532,227
1.8884,236
2.1736,233
1.6896,249
1.8712,237
1.9051,227
1.8469,230
1.6482,246
1.8717,227
1.9863,233
2.1084,229
1.6795,244
1.7340,243
1.7956,246
2.3319,210
1.6451,247
1.8282,226
1.8918,219
1.8211,235
1.9505,222
1.9134,235
2.0459,231
2.0662,230
1.8551,237
1.9461,242
2.0953,216
1.8777,230
2.4193,205
1.7395,241
1.8294,228
2.0010,231
1.8450,240
1.8680,239
2.0643,233
1.8901,231
1.9361,229
2.0119,216
1.8939,224
2.0123,240
1.8455,240
1.8797,238
1.8906,225
1.7284,239
1.9950,238
2.0641,225
1.8899,232
1.9096,230
1.7989,245
2.1199,234
1.8079,234
2.1174,220
2.0741,220
1.9458,225
1.8461,228
2.0700,220
2.0593,226
2.1627,238
1.7326,240
1.7157,241
1.7014,248
2.0390,243
1.7776,225
2.1861,226
1.9134,220
2.1268,229
1.9392,225
1.8018,243
1.7395,252
1.8044,244
1.8306,239
1.8751,234
1.8160,239
1.8174,237
2.1092,217
2.1009,220
1.6535,243
1.8343,256
1.7780,234
2.0858,231
2.5267,210
1.8011,241
1.9372,241
1.8983,241
2.0905,223
1.8573,234
1.8817,229
1.7849,237
1.8872,225
1.9519,222
2.0129,212
2.2078,225
2.1568,238
2.0479,226
1.8853,242
2.0942,218
2.0015,233
1.7183,250
1.9168,244
1.9221,239
2.1955,234
2.0297,231
2.1221,233
1.8375,237
2.1060,220
1.9010,236
2.0859,225
1.9504,224
2.0940,226
1.8714,229
1.9993,234
1.9240,242
1.8099,243
1.7793,246
1.9424,221
1.9875,240
1.7777,235
1.7831,239
1.9650,231
1.6869,243
2.0330,227
1.9152,242
1.9926,234
1.9867,241
1.8314,246
2.1607,216
2.0097,224
1.8695,220
1.8668,235
1.8612,237
1.9742,229
1.9720,235
1.9070,243
2.2746,213
1.8565,243
2.0250,223
2.0339,247
1.9193,226
1.6950,242
1.7561,240
1.9045,239
2.0828,243
1.9527,222
1.9085,236
2.1663,225
1.7775,253
1.9394,223
1.8813,238
1.8178,230
2.1786,226
1.7639,249
2.1145,214
1.8592,243
1.7939,248
1.7774,243
1.8757,223
1.8594,234
1.9038,228
2.1018,233
2.0611,228
2.0765,219
2.0526,233
2.1872,215
2.0573,228
1.9335,242
2.0187,229
1.9497,245
1.8632,232
1.6593,249
2.0851,240
1.8836,223
1.9121,228
1.7285,240
1.7970,241
2.0782,233
1.8460,234
2.2945,223
2.0602,226
1.8121,235
1.6693,244
2.1102,237
2.1458,215
2.0211,236
1.7530,221
1.9792,246
2.0497,225
2.0142,229
1.8502,247
1.8565,236
1.7316,234
1.9982,241
1.6909,251
1.9936,236
2.0814,235
2.0828,228
1.7162,249
1.7351,239
2.0982,220
1.9008,237
2.0439,240
2.0990,231
1.7089,241
1.7866,237
2.0118,236
1.8126,243
1.9136,235
1.9866,229
1.7415,239
1.9664,237
1.9628,238
1.9662,227
1.8660,244
1.9154,234
1.9922,231
1.7788,248
1.5748,243
1.8669,237
1.7612,240
1.9991,222
1.8360,239
1.8818,223
1.9160,245
1.9788,231
1.8353,235
1.8228,238
1.9332,238
1.8191,252
1.7131,235
2.0449,231
1.8775,237
1.6911,229
1.8848,241
1.8592,233
1.7894,227
1.8164,230
1.7442,239
1.9059,229
1.8101,264
1.9658,236
2.0272,227
1.9475,236
2.2048,232
1.9969,238
2.0628,230
1.8725,231
1.8329,247
1.9428,227
1.8618,236
1.7096,239
2.0360,227
1.8637,238
1.8932,230
2.0796,223
1.8714,242
2.0204,231
1.9196,232
1.7972,235
1.9631,228
1.8571,228
1.7352,250
1.8535,231
2.1302,221
1.8250,238
2.1266,236
1.8631,238
1.9386,231
1.8695,239
2.0276,219
1.8591,244
1.8765,247
1.6685,245
1.7404,249
2.0875,236
1.8823,241
2.0819,226
1.9178,235
1.7783,230
1.7494,249
2.1364,235
2.0243,228
1.8688,231
1.8767,241
1.9951,234
2.0398,230
1.7985,237
1.9222,244
1.6908,243
1.9492,244
1.9368,222
1.9041,231
1.7953,240
1.8437,228
1.8430,233
2.0479,221
1.7816,241
2.0112,234
1.9184,245
1.9515,244
2.0665,220
2.0474,227
1.9195,241
1.7102,249
2.2302,213
1.8385,247
1.7234,252
1.9428,231
2.2207,223
1.8886,246
1.5348,253
1.8244,240
2.0080,228
1.9609,228
2.0108,237
2.1078,221
1.9743,230
1.6827,248
2.0787,227
1.9747,221
1.8676,237
1.8115,245
1.8964,242
1.8858,242
1.6109,232
2.1292,218
1.7028,226
2.2493,221
1.9432,225
1.9365,237
1.8487,231
1.9192,226
1.8482,237
1.8803,248
1.9964,234
2.0073,239
1.9897,246
1.7208,247
1.9953,231
1.9889,230
1.9667,236
2.0954,235
1.9154,229
1.9968,235
2.0470,225
1.7326,243
2.2148,233
1.8700,239
2.1169,206
2.0439,225
2.1174,232
2.0902,222
2.0146,224
1.7130,252
1.9218,221
2.2684,216
2.1468,223
2.0410,228
1.9605,230
2.0034,236
1.6463,244
1.8315,246
2.1740,209
1.9438,245
2.0349,239
1.9645,235
1.9696,240
1.8606,242
2.1481,220
2.1050,243
1.5558,245
2.0027,247
1.9519,235
2.0872,233
2.0220,241
1.9666,226
1.7325,248
1.7671,234
2.1772,211
2.1491,225
1.8579,240
1.7158,254
2.0106,233
2.0198,222
2.0035,223
2.0346,224
1.9285,231
2.0193,217
2.0069,227
1.7994,250
1.8058,247
2.0340,229
2.3033,215
1.9495,235
1.9126,233
2.2823,229
1.9088,231
2.0545,220
1.9469,233
1.8857,226
2.1606,221
2.1653,226
1.9090,234
1.8810,229
1.8225,239
1.7201,241
2.1079,229
1.8739,234
1.8183,255
2.1162,230
1.9960,224
1.9543,236
1.9731,239
2.0627,229
1.9338,236
2.1563,214
1.7071,265
1.8990,241
2.0204,230
1.9866,236
1.8783,240
1.8556,228
1.9619,236
1.6799,254
1.8534,232
1.7244,230
1.9263,229
1.9834,233
2.0134,242
2.0026,219
1.8568,240
1.8119,230
2.1167,222
1.8509,244
2.0881,218
1.8381,264
2.0795,215
1.9440,236
1.8247,235
1.9770,230
1.8640,234
2.1533,234
2.0131,238
2.1093,219
1.7554,236
1.8004,236
2.2367,228
1.8884,233
1.9518,228
2.2555,230
1.5716,250
1.9308,231
2.0190,242
1.9156,225
1.8386,238
1.8562,242
2.2143,214
2.0462,231
1.9276,223
2.1509,222
1.8948,231
1.7109,242
2.1136,220
1.7818,245
1.9873,227
1.9482,241
2.1386,218
1.8734,225
2.2989,235
2.0380,233
1.8606,235
1.9107,233
2.2039,226
2.4415,209
1.9794,229
1.9879,238
2.3115,120
