11.2548,0
11.2859,0
11.2425,0
11.2993,0
11.2003,0
11.1613,0
11.1893,0
11.1794,0
11.1571,0
11.0977,0
10.9514,0
11.0583,0
11.1078,0
11.0105,0
11.0243,0
11.1475,0
11.1954,0
11.0642,0
11.0541,0
10.9768,1
11.0282,0
10.9719,0
10.8400,0
10.7757,0
10.7929,0
10.8242,0
10.8114,1
10.6525,1
10.7802,1
10.6531,0
10.7758,1
10.7218,0
10.7133,0
10.6812,2
10.7299,2
10.6851,1
10.6313,1
10.6337,0
10.6850,0
10.5803,1
10.5811,0
10.6007,0
10.7439,0
10.7102,0
10.5687,2
10.5194,0
10.5527,0
10.5428,0
10.7663,0
10.6691,0
10.5747,2
10.5185,0
10.5820,0
10.6365,1
10.6717,0
10.5378,0
10.5820,1
10.5476,0
10.5295,0
10.7363,0
10.6509,1
10.5879,0
10.4773,0
10.5597,0
10.6019,0
10.4573,1
10.5927,1
10.6195,0
10.5673,0
10.4884,2
10.5673,0
10.4619,0
10.4617,0
10.5877,0
10.3972,1
10.3323,0
10.5441,0
10.4952,0
10.4318,0
10.4126,1
10.4856,0
10.4275,0
10.5599,0
10.4790,1
10.4946,0
10.4375,0
10.5290,1
10.3871,1
10.3623,2
10.4306,1
10.4615,1
10.3762,1
10.4743,0
10.5034,0
10.4800,0
10.4350,1
10.3430,1
10.4057,1
10.4557,1
10.4508,1
10.4001,0
10.5069,0
10.3652,0
10.3733,0
10.3302,1
10.4560,0
10.3198,0
10.3842,0
10.3030,1
10.1926,1
10.3528,0
10.3806,0
10.3680,0
10.4411,0
10.3348,3
10.4709,0
10.4756,1
10.3563,0
10.3504,1
10.3207,0
10.4323,0
10.3947,0
10.3390,1
10.2958,0
10.2356,1
10.3919,0
10.4858,0
10.2861,0
10.2327,0
10.2925,1
10.3701,1
10.4327,1
10.2233,0
10.2813,0
10.3100,2
10.4224,0
10.3444,1
10.1864,1
10.3274,0
10.1759,0
10.2596,0
10.2660,0
10.3823,0
10.2911,1
10.4087,1
10.2108,0
10.2232,1
10.3052,2
10.3018,0
10.4361,0
10.2291,0
10.2022,0
10.3135,0
10.3815,0
10.2726,0
10.3395,2
10.2043,2
10.1824,2
10.2671,2
10.2178,0
10.2568,1
10.3023,0
10.2088,0
10.2510,0
10.1982,1
10.1615,5
10.2151,2
10.3374,0
10.1346,2
10.2668,2
10.2924,1
10.1000,1
10.2326,0
10.2285,0
10.2081,2
10.1237,2
10.1448,4
10.1158,0
10.0583,1
10.3325,1
10.2734,1
10.1869,3
9.9847,2
10.1316,1
10.2293,2
10.1920,2
10.1941,1
10.2807,1
10.2018,0
10.2041,1
10.0966,0
10.2576,0
10.0686,1
10.1750,0
10.1202,0
10.2224,0
10.0997,0
10.2017,1
10.2139,1
10.0891,2
10.1649,1
10.2347,1
10.2991,0
9.9944,0
10.2049,2
10.1497,2
10.1254,0
10.1005,1
10.0328,0
10.0715,1
10.0085,1
10.0526,0
10.1222,1
10.2061,0
9.9949,2
10.1371,0
10.0908,1
10.0423,1
10.0524,3
9.9870,3
9.9527,3
10.1521,2
10.0984,1
10.0648,0
10.0337,1
10.0108,2
10.0063,1
10.0570,0
10.1172,0
10.1707,0
9.9180,2
10.0811,0
10.0718,3
10.0395,0
10.0933,4
10.1742,2
10.0644,1
9.9259,1
9.9889,1
10.0418,2
9.9763,3
10.0594,2
10.0048,0
9.8991,0
10.0769,0
10.0555,1
10.0911,0
9.9565,1
10.2096,2
9.9085,0
10.0177,0
10.0691,2
9.8689,1
9.9416,2
9.9248,0
9.9662,0
10.0520,0
9.9987,2
9.7956,1
10.0283,0
9.9699,1
9.9174,1
10.0478,1
9.9299,3
9.9848,1
9.8450,0
9.8708,4
10.0509,0
9.9321,1
10.1339,0
10.0636,1
10.0543,0
9.9645,0
9.8269,3
9.9799,0
9.9002,2
10.2138,1
9.9511,1
10.0271,0
9.8497,2
9.9492,2
9.7801,1
9.8722,1
9.7974,0
9.7414,0
9.9524,3
10.0970,1
9.8515,0
9.9004,2
9.9752,0
9.9361,2
9.9124,1
9.7889,1
9.8366,1
9.7208,0
9.7042,2
9.8573,0
9.8096,2
10.0275,0
10.0878,0
9.7919,2
9.8232,1
9.9157,1
9.7902,1
9.8370,0
10.0031,0
9.8542,1
10.0330,1
9.8970,2
9.7405,2
10.0247,0
9.7594,1
9.6946,0
9.7970,1
9.6162,2
9.8246,0
9.8411,0
9.7682,1
10.0418,2
9.8961,3
9.8042,1
9.7608,1
9.8205,1
9.8037,0
9.8512,1
9.8789,0
9.8431,1
9.7724,0
9.7683,2
9.8743,2
9.8306,3
9.8041,3
9.7554,4
9.9069,0
9.7012,0
9.7192,1
9.7324,1
9.6498,0
9.7253,0
9.6887,1
9.8400,2
9.6995,3
9.5886,3
9.7529,3
9.7581,0
9.8185,1
9.6985,1
9.8301,2
9.6913,2
9.6656,0
9.7330,1
9.7966,1
9.8849,2
9.5843,1
9.8094,2
9.5513,1
9.6573,1
9.7857,3
9.7188,4
9.7814,0
9.8755,1
9.7923,2
9.6906,0
9.7100,2
9.7820,0
9.7114,3
9.6177,1
9.4591,1
9.5199,1
9.6387,5
9.7071,0
9.6520,0
9.6638,5
9.7820,2
9.8353,1
9.7527,3
9.8685,0
9.7949,0
9.4880,2
9.7410,3
9.5961,2
9.6828,1
9.7304,1
9.6773,2
9.4484,2
9.6548,2
9.7816,1
9.6261,1
9.5240,2
9.5335,0
9.6215,1
9.7407,0
9.5548,4
9.5634,0
9.5917,2
9.6220,2
9.5671,0
9.5098,2
9.6732,1
9.4721,2
9.4666,1
9.4688,4
9.4910,1
9.5490,0
9.6427,5
9.5230,2
9.7857,2
9.5041,5
9.7039,3
9.4905,3
9.5362,4
9.5248,1
9.6902,1
9.6834,0
9.5836,3
9.5768,0
9.3510,4
9.4809,2
9.7062,3
9.6484,1
9.5019,2
9.3722,2
9.5091,4
9.5285,2
9.5026,1
9.4627,2
9.7420,1
9.4875,2
9.5132,4
9.4451,2
9.5614,3
9.6340,2
9.4262,2
9.6165,1
9.3799,3
9.5068,2
9.2131,4
9.5471,3
9.4726,2
9.3894,6
9.5476,1
9.5411,2
9.4594,2
9.4921,1
9.5701,1
9.4863,0
9.3277,2
9.6525,0
9.5159,1
9.6489,1
9.5718,2
9.5180,2
9.5193,2
9.5173,3
9.5337,3
9.4830,3
9.4124,3
9.3424,4
9.4773,0
9.7165,0
9.5633,2
9.5233,2
9.5954,1
9.4128,2
9.6952,2
9.6556,0
9.5712,2
9.5311,2
9.3755,2
9.5937,1
9.3295,4
9.3896,6
9.4445,3
9.2584,1
9.5543,3
9.4455,0
9.3523,3
9.5033,1
9.4187,2
9.3814,2
9.4666,5
9.4605,2
9.3197,1
9.4814,2
9.5915,2
9.3394,3
9.5293,2
9.2091,2
9.4081,3
9.3718,3
9.5330,1
9.5103,3
9.5171,0
9.5170,2
9.4105,5
9.4126,2
9.3697,5
9.3881,1
9.5449,1
9.3846,2
9.3460,4
9.3202,0
9.4238,4
9.3061,2
9.4963,1
9.3825,2
9.3769,0
9.2262,3
9.5067,2
9.3249,1
9.1878,2
9.4029,3
9.3240,4
9.3806,6
9.4602,4
9.3028,2
9.3448,3
9.2966,2
9.4441,0
9.6590,1
9.4120,2
9.2470,4
9.1647,2
9.3908,1
9.3553,0
9.1957,3
9.4376,2
9.1695,4
9.4777,2
9.3087,0
9.1523,1
9.1948,2
9.4693,2
9.1607,2
9.3302,2
9.3877,4
9.2682,2
9.3499,2
9.3860,2
9.2677,3
9.2307,4
9.1449,4
9.3312,0
9.3321,2
9.3936,1
9.3704,3
9.0703,8
9.3629,4
9.4550,5
9.2935,1
9.3850,3
9.2887,2
9.2575,1
9.2433,4
9.2458,1
9.3026,2
9.5072,1
9.2766,1
9.2412,2
9.2089,7
9.4412,5
9.2493,2
9.1793,4
9.1058,3
9.1275,3
9.1637,1
9.2153,2
9.4051,1
9.3528,2
9.3843,4
9.2839,0
9.1652,3
9.1908,5
9.1468,3
9.2725,0
9.3247,1
9.2797,4
9.1942,2
9.3869,1
9.1408,1
9.1734,2
9.0979,0
9.2950,2
9.1409,5
9.2649,2
9.1641,2
9.0582,3
9.3316,1
9.2046,6
9.1309,4
9.2687,1
9.1746,2
9.4168,3
9.2125,4
9.1468,1
9.3989,1
9.1993,2
9.2830,1
9.1677,5
9.2946,1
9.0554,4
9.2518,6
9.1668,4
9.2520,3
9.0445,1
9.2391,3
9.2841,0
9.0331,7
9.2002,7
9.0742,4
9.0836,4
9.3098,3
9.3107,0
9.1553,6
9.0483,1
9.1405,1
8.9556,1
9.3011,5
9.1839,2
9.1144,3
9.1887,3
9.1913,6
9.0336,2
9.2601,1
9.1104,4
9.1202,3
8.8359,6
9.0938,3
8.9398,2
9.4863,3
9.2663,3
9.3209,1
9.1775,1
8.9471,6
9.0295,2
8.9238,4
9.1294,1
9.0880,3
9.1119,4
9.3202,2
9.2302,0
8.9895,2
9.1490,3
9.2074,3
9.2085,7
9.2618,3
9.3418,1
9.2627,2
9.2397,2
9.1915,1
8.9740,4
9.1010,3
9.0794,5
9.3068,2
9.0902,6
9.2071,3
9.1367,4
9.1646,5
9.0486,1
9.0196,8
9.1393,3
9.0166,1
9.1228,1
9.2216,2
9.0155,1
9.0840,4
8.9654,7
9.2665,1
9.1825,4
8.9875,1
9.1427,3
9.2204,2
9.1658,3
9.1596,2
9.0029,2
8.9593,1
8.8934,1
9.0408,2
9.2407,1
9.0684,3
9.2008,1
9.1636,2
8.9739,2
9.1220,3
9.3055,2
8.9970,3
9.0536,2
9.1449,2
9.1419,4
9.1754,8
8.9229,2
8.8616,2
9.0443,7
9.0992,3
9.0994,0
8.8562,1
9.0371,2
9.1135,3
8.8299,2
9.1057,6
9.0458,3
9.0432,5
9.0412,3
9.1336,3
9.0590,2
9.0281,0
9.1652,4
9.1398,0
8.9406,6
9.0238,1
9.1497,1
9.2287,1
9.0381,3
8.9498,1
8.7972,2
9.1369,2
8.9927,6
8.9272,1
8.9534,6
9.2271,5
9.0725,6
8.8877,6
8.8773,5
9.0444,2
9.0347,3
8.7673,3
8.9231,2
9.0115,2
8.9689,0
9.0676,0
8.9692,3
8.9206,2
8.9521,5
9.0507,3
9.0682,4
8.9636,2
9.1255,1
8.9433,4
8.9897,4
9.0579,5
8.9455,2
8.9378,4
9.0348,5
8.9822,3
8.8573,3
9.0272,1
8.7366,5
8.9427,7
9.0989,2
8.7952,2
8.8726,3
8.8569,3
8.9877,7
9.0685,1
8.9114,2
8.9697,4
8.9320,7
8.8594,5
8.9838,7
8.9007,4
8.9065,3
8.9870,2
9.1817,2
8.8729,5
8.9801,2
9.1231,3
8.9443,5
8.7875,5
8.8503,4
9.0031,5
8.8218,4
8.9856,4
9.0789,2
9.0674,4
8.8602,5
8.9541,4
8.9841,2
8.9823,4
9.0758,1
8.7754,3
9.0392,4
8.8024,6
8.9654,3
9.0712,3
8.9383,3
8.8755,1
8.9020,3
9.0978,4
8.9818,5
8.9912,2
9.2005,4
8.9694,3
8.9101,3
8.7129,4
8.6961,3
8.9852,1
9.1425,1
8.8373,4
8.9324,6
9.0110,3
8.8619,2
8.8536,3
8.8692,6
8.8739,8
8.8603,8
8.9613,3
8.8389,6
8.8838,4
8.6644,6
8.7345,4
8.8597,3
8.9450,5
8.9545,1
9.0134,3
9.0707,3
9.0775,5
8.8640,5
8.7742,6
8.8669,7
8.8716,5
8.8460,3
8.9190,2
8.8989,2
8.8294,2
8.8978,4
8.8350,7
8.7936,2
8.8575,2
8.9487,2
8.8002,4
8.8340,5
8.9588,4
8.8054,2
8.8405,0
8.9502,3
9.0347,1
8.9113,3
8.7348,0
8.7703,6
8.6981,5
8.7326,1
9.0117,0
9.0005,5
8.6477,3
8.7531,5
8.7662,3
8.8238,9
8.9652,4
8.9248,4
8.9610,1
8.6031,3
8.7604,6
8.8954,5
8.8824,5
8.7976,5
8.9541,2
8.9145,0
8.8051,2
8.7776,3
8.6673,5
8.7022,3
8.7944,5
8.6040,5
9.0329,5
8.6292,6
8.7914,1
8.8962,2
8.5278,8
8.7204,6
8.5609,6
8.6493,8
8.7673,4
8.7805,1
8.8268,7
8.5699,4
8.6107,4
8.7952,7
8.7934,4
8.7993,4
8.6235,1
8.8931,6
8.7807,4
8.6199,6
8.6652,5
8.7778,6
8.5173,9
8.7581,6
8.6274,6
8.8441,1
8.6588,4
8.4153,7
8.7503,1
8.8680,5
9.0876,5
8.7772,5
8.6920,2
8.8540,3
8.7736,5
8.8144,3
8.7755,4
8.8650,5
8.6533,7
8.8153,3
8.7096,4
8.5118,4
8.7426,3
8.8443,2
8.6318,6
8.8773,4
8.6438,7
8.6606,1
8.6740,3
8.8617,3
8.7144,5
8.7013,2
8.6639,2
8.6395,4
8.8589,5
8.6892,7
8.8307,6
8.8465,1
8.6145,7
8.7394,4
8.7892,2
8.7730,4
8.8118,2
8.7294,6
8.6483,3
8.5274,7
8.7850,8
8.7806,8
8.9053,6
8.6662,5
8.5240,4
8.6691,3
8.7585,6
8.6222,4
8.9513,6
8.4419,5
8.7777,5
8.6793,3
8.7751,2
8.9679,2
8.6943,11
8.6506,7
8.6302,6
8.7944,5
8.6198,4
8.7469,5
8.5810,6
8.9058,2
8.7693,2
8.8212,1
8.5589,3
8.6320,3
8.9614,3
8.6385,3
8.8277,5
8.6853,9
8.8602,8
8.6918,2
8.7567,5
8.4729,7
8.7627,1
8.7855,0
8.7638,3
8.7269,9
8.9798,5
8.7692,5
8.7782,5
8.5394,7
8.5992,6
8.6807,4
8.5966,8
8.5240,4
8.4286,5
8.7082,3
8.4202,4
8.7632,7
8.5962,4
8.7040,0
8.6847,6
8.5559,4
8.7407,7
8.7717,6
8.6542,1
8.8445,1
8.8250,4
8.6386,9
8.5325,3
8.6856,2
8.5236,7
8.7295,7
8.4139,4
8.6830,12
8.6877,0
8.5804,4
8.6729,3
8.6463,5
8.4346,6
8.5463,7
8.5577,8
8.6500,2
8.4205,5
8.4000,7
8.8171,2
8.5329,3
8.7176,3
8.6932,4
8.6293,7
8.6563,3
8.4458,4
8.5803,5
8.5523,13
8.7316,4
8.5367,8
8.6509,6
8.8069,3
8.5549,10
8.5292,3
8.6635,2
8.7236,7
8.5810,8
8.7514,2
8.7506,3
8.4871,11
8.8089,9
8.6426,4
8.6712,9
8.7866,2
8.5840,6
8.6184,2
8.4522,4
8.7272,4
8.6988,1
8.6161,2
8.4672,2
8.6393,8
8.5482,2
8.5840,5
8.5904,5
8.5077,8
8.4512,3
8.6225,5
8.6484,2
8.5734,8
8.8254,5
8.5972,7
8.5738,7
8.6159,5
8.6031,7
8.7049,4
8.7047,2
8.7615,4
8.5582,5
8.4923,5
8.6214,1
8.4257,10
8.4622,3
8.5639,3
8.5173,4
8.3111,6
8.4536,5
8.4364,4
8.7464,7
8.3286,3
8.4921,4
8.4835,4
8.5034,8
8.3444,8
8.4899,4
8.5178,8
8.4565,6
8.7588,9
8.7855,2
8.6923,6
8.4107,4
8.5397,9
8.4931,3
8.4416,11
8.5038,12
8.4377,3
8.7247,5
8.5777,4
8.3434,3
8.6050,4
8.5120,1
8.4201,5
8.2608,8
8.6136,8
8.6129,5
8.1840,6
8.4694,6
8.4615,3
8.5360,3
8.3243,9
8.7877,3
8.2943,6
8.4567,8
8.3704,4
8.5535,9
8.4865,4
8.6699,5
8.4751,6
8.4258,6
8.3317,7
8.4461,4
8.5896,5
8.4122,10
8.4105,8
8.5075,5
8.7203,4
8.4106,9
8.5263,6
8.3617,14
8.6395,8
8.3177,5
8.3087,5
8.6098,6
8.4841,5
8.3271,7
8.6740,8
8.4747,6
8.5295,7
8.2985,4
8.6207,8
8.4598,4
8.3085,12
8.4306,6
8.3157,7
8.5210,5
8.6423,2
8.4751,7
8.1485,5
8.3938,5
8.2527,7
8.4800,8
8.5570,9
8.4039,5
8.5516,7
8.3530,13
8.3125,7
8.3514,7
8.2818,5
8.3003,4
8.2782,6
8.4828,5
8.7223,5
8.3638,3
8.1220,8
8.4462,5
8.6222,2
8.4545,6
8.3999,2
8.6500,2
8.5790,6
8.5257,4
8.4771,3
8.5367,8
8.4157,3
8.1601,5
8.4844,8
8.3834,8
8.2939,1
8.5703,4
8.4634,5
8.3913,4
8.1391,4
8.5403,4
8.2527,8
8.0920,14
8.4336,2
8.4286,4
8.2602,8
8.4162,5
8.6279,4
8.5165,4
8.5951,8
8.3693,5
8.2105,7
8.5592,3
8.1286,4
8.2138,11
8.4574,3
8.4111,7
8.4493,3
8.3924,6
8.4203,2
8.1113,6
8.3405,5
8.2809,7
8.4080,9
8.1691,18
8.3072,9
8.3254,9
8.2263,9
8.4843,5
8.5504,3
8.1941,10
8.3446,4
8.3361,6
8.3976,7
8.1816,14
8.2846,6
8.2965,4
8.3979,9
8.4603,7
8.2805,6
8.3319,9
8.1655,5
8.1780,8
8.2069,9
8.2453,10
8.3338,7
8.3159,7
8.2327,9
8.2632,4
8.5727,3
8.1695,7
8.1527,7
8.3454,7
8.2852,10
8.2807,4
8.0591,13
8.4734,6
8.2672,10
8.2452,9
8.1841,7
8.3841,5
8.1954,8
8.2956,5
8.3232,10
8.2285,9
8.3055,5
8.2066,6
8.2630,6
8.3041,9
8.0317,3
8.3117,4
8.2399,11
8.6394,3
8.3008,6
8.5383,5
8.4147,7
8.2229,10
8.1682,15
8.4384,9
8.4741,4
8.1409,7
8.3983,5
8.3481,4
8.3330,11
8.3361,8
8.3236,7
8.0963,3
8.4087,5
8.3746,6
8.2413,5
8.0608,8
8.2677,10
8.3434,5
8.1680,4
8.2713,7
8.1545,6
8.1695,7
8.2851,8
8.1899,9
8.2602,8
8.1441,6
8.2454,6
8.1968,7
8.0307,9
8.1939,5
8.1480,4
8.1322,5
8.3199,10
8.4113,8
8.3556,9
8.1734,12
8.2265,9
8.0731,12
7.9843,9
8.0366,6
8.1550,4
8.0732,9
8.0231,9
8.1341,7
8.3206,5
8.2809,11
7.9264,10
8.1944,6
8.1676,7
8.1133,10
7.9458,9
8.4029,8
8.0771,6
8.2063,4
8.1156,7
7.9444,7
8.1634,7
8.2216,9
8.1873,10
8.1305,9
8.2302,9
8.1268,4
8.2684,8
8.0430,8
8.2813,4
8.1040,9
8.1190,5
8.3187,8
8.0697,6
8.1929,4
8.1217,9
7.9462,9
8.2472,16
8.1119,14
8.2487,6
7.9698,10
7.9495,6
8.3806,7
8.2929,5
7.9654,4
8.1102,9
8.1075,6
8.2995,4
8.1639,10
8.0393,5
8.2902,3
8.0003,9
8.3589,11
8.1668,8
8.1570,10
7.9932,5
8.0104,9
8.1310,9
8.1152,13
8.0910,8
8.1366,7
8.0898,8
8.1335,6
8.2298,10
7.9969,10
7.8012,10
8.4641,8
8.5823,4
8.2472,7
8.2189,9
8.0744,12
7.9007,9
8.0262,7
8.1510,5
8.1391,7
8.1433,11
8.2243,8
7.9613,4
8.3565,7
8.0632,9
8.0765,11
8.1811,6
8.0255,9
8.0640,11
8.1560,5
8.3248,6
8.0287,12
8.0044,9
8.0906,5
8.2174,7
8.0560,14
7.9535,4
8.0274,6
7.8132,13
8.0721,13
7.9695,7
8.2655,8
8.0356,11
7.9879,8
7.8640,11
8.1862,9
7.9568,11
8.1572,7
7.8453,12
7.8696,12
8.0441,10
8.0867,9
7.7463,12
8.1266,7
7.9806,10
8.0691,6
7.9661,10
7.9859,10
7.9825,8
7.8974,9
7.8736,10
8.1939,9
8.0817,4
7.9788,9
8.0297,10
8.0020,7
7.8246,11
8.1611,8
7.8889,11
8.1590,9
8.0713,13
7.8195,11
8.1191,6
7.9392,8
7.9822,13
7.9495,8
7.9306,14
8.0176,11
8.1429,5
8.0520,10
7.9249,15
8.1375,13
8.0101,10
8.0207,7
8.0746,15
8.1479,11
8.0126,5
7.9490,10
7.9569,12
8.0252,7
8.0002,11
8.1079,8
7.9174,13
7.8817,4
8.0476,6
7.7469,12
7.8768,12
8.0472,9
7.9041,5
8.0714,6
7.8681,14
7.8186,9
7.9867,6
8.1792,5
8.0150,11
8.1087,5
8.0831,6
7.8602,7
8.1132,11
8.0616,9
8.0409,12
7.9311,11
8.0831,8
7.8076,14
7.9153,14
7.9789,10
7.8179,5
8.1269,9
7.9707,9
7.9837,8
7.7758,16
7.7279,18
7.9523,14
8.0471,9
8.1728,7
7.8531,15
8.0873,13
8.0627,8
7.9664,11
8.2267,11
7.7798,8
7.7983,8
8.0945,9
7.9580,5
8.0303,7
7.7711,8
7.7176,14
7.7647,8
7.8573,12
8.1464,5
7.7712,9
7.7780,12
7.8219,11
7.9684,8
7.9579,11
7.9754,10
7.9553,10
7.6079,16
7.7528,10
7.7947,12
7.9583,10
7.9854,4
7.9544,10
7.8517,18
7.9405,9
7.9607,11
7.6947,12
7.6669,10
7.6318,9
7.9538,10
7.6864,9
7.8679,13
7.6832,11
7.7184,13
7.8507,10
7.7127,15
7.9724,13
7.9825,6
7.6493,11
8.0223,9
7.8450,11
7.7525,15
8.0252,9
7.7625,12
8.0034,9
7.9008,13
7.8941,12
8.1619,10
7.7448,12
7.8649,11
7.9188,7
7.8535,9
7.8581,10
7.7651,8
7.8075,14
7.8832,9
7.7716,7
7.7407,18
7.8930,17
7.7975,8
7.8641,10
7.8078,9
7.9879,8
7.6475,9
7.5778,8
7.8436,15
7.9713,10
8.0052,10
7.6231,10
8.0097,7
7.8011,12
7.8707,9
7.8047,11
7.7045,17
7.7946,6
7.6561,9
7.8221,11
7.6081,19
7.7788,12
7.8280,9
7.8785,9
7.8206,13
7.6368,14
7.7470,11
7.9118,9
8.0126,12
7.6110,18
7.9994,6
8.0206,10
7.7480,12
7.5360,17
7.9762,12
7.6864,18
7.8602,11
7.7252,12
7.8300,12
7.5561,12
7.7336,14
7.7653,18
7.8783,11
7.7352,12
7.7774,17
7.5690,5
7.5969,12
7.7413,8
7.7287,10
7.6338,7
7.8833,19
7.9474,8
7.6661,11
7.8464,19
7.4219,25
7.6660,17
7.6618,12
7.9046,10
7.6238,12
7.5402,10
7.4724,18
7.8149,13
7.6078,10
7.8430,15
7.6321,14
7.5350,12
7.5676,12
7.6316,12
7.8137,10
7.8304,13
7.3645,20
7.5985,9
7.7297,17
7.7502,18
7.8623,7
7.7399,14
7.7658,12
7.6371,13
7.6747,6
7.6941,12
7.6889,8
7.6934,10
7.5847,17
7.5447,13
7.8004,9
7.6374,7
7.6886,13
7.3589,16
7.6867,15
7.3285,12
7.6434,14
7.7259,13
7.5337,13
7.7581,12
7.7440,10
7.6355,15
7.8254,8
7.6033,13
7.6990,18
7.6842,12
7.3855,17
7.7304,12
7.5459,17
7.6128,9
7.7285,21
7.7530,6
7.6343,12
7.6399,9
7.5522,11
7.6746,17
7.6641,19
7.8115,10
7.7106,16
7.7618,11
7.5331,25
7.7091,17
7.7969,22
7.7610,12
7.3349,21
7.7133,13
7.5261,11
7.5719,13
7.5897,14
7.5387,17
7.6784,13
7.7806,16
7.4694,17
7.5872,9
7.7224,15
7.5306,14
7.7550,10
7.6509,9
7.4567,15
7.7958,16
7.3301,17
7.7614,16
7.5647,9
7.7427,11
7.6532,22
7.7529,13
7.9358,8
7.4917,13
7.4503,16
7.8497,9
7.6734,15
7.8608,15
7.7731,16
7.5479,16
7.4175,11
7.6486,10
7.6436,16
7.9409,13
7.5086,9
7.6011,14
7.3720,17
7.3657,14
7.5298,20
7.6122,9
7.5023,18
7.5996,10
7.6361,15
7.5112,16
7.5337,19
7.4763,20
7.9462,12
7.7857,14
7.4482,16
7.6031,15
7.5686,6
7.4180,18
7.5189,15
7.5266,12
7.4894,14
7.4144,18
7.5637,17
7.5405,17
7.4116,16
7.4046,19
7.6689,12
7.4360,19
7.5829,15
7.7411,12
7.4494,13
7.3713,17
7.4278,15
7.7788,13
7.5711,14
7.4523,18
7.5576,16
7.5642,14
7.4194,21
7.2475,18
7.5407,11
7.4397,20
7.7239,13
7.3573,16
7.2907,20
7.4882,9
7.6545,21
7.2089,20
7.5964,18
7.5120,16
7.4967,17
7.1981,16
7.3960,18
7.2707,20
7.4642,17
7.3157,16
7.7340,10
7.5043,15
7.5333,20
7.5378,18
7.5705,19
7.2793,25
7.7008,15
7.4460,17
7.4025,21
7.6015,7
7.4585,14
7.3472,12
7.7368,14
7.6093,13
7.4341,20
7.4415,17
7.3420,17
7.6871,16
7.3242,17
7.6090,4
7.4072,9
7.4826,15
7.4318,18
7.3822,19
7.5607,20
7.3284,17
7.4549,10
7.3532,26
7.3964,22
7.2505,16
7.5157,22
7.4244,17
7.3865,13
7.5503,15
7.3329,21
7.2961,18
7.2737,22
7.2776,18
7.4552,20
7.4172,21
7.1892,24
7.4677,21
7.3061,20
7.1319,23
7.2316,16
7.4092,9
7.3212,21
7.3566,15
7.5606,14
7.4311,20
7.2226,16
7.5458,15
7.4369,16
7.5515,21
7.1709,28
7.4655,18
7.3357,23
7.2195,24
7.5232,9
7.5657,20
7.4276,21
7.3102,20
7.3824,16
7.1709,19
7.4764,13
7.1458,32
7.2675,23
7.6566,20
7.3526,21
7.4009,27
7.2023,20
7.2197,22
7.7554,14
7.2903,16
7.4467,11
7.6836,16
7.2554,14
7.5808,18
7.1189,23
7.4963,15
7.3151,23
7.1406,20
7.2565,22
7.3318,15
7.4015,18
7.3200,18
7.1210,20
7.1183,18
7.5115,18
7.2629,17
7.3535,25
7.4579,16
7.2278,27
7.1821,19
7.2497,26
7.2090,19
7.1616,28
7.3089,18
7.2209,14
7.3544,15
7.1596,19
7.0687,24
7.3137,18
7.1025,21
7.2294,23
7.2051,24
7.3610,21
7.3271,20
7.3264,22
7.0681,16
7.2657,28
7.2689,17
7.2365,13
7.2529,14
7.2655,21
6.9995,23
7.1690,17
7.4479,20
7.3414,19
7.3022,24
7.4431,23
7.1674,13
7.3619,25
7.3433,15
6.9117,22
7.0727,23
7.1203,27
7.1548,17
7.0507,23
7.0284,26
7.1350,19
7.0907,17
7.2543,21
6.9491,27
7.1961,23
7.0950,29
7.0054,24
7.2457,28
7.2296,17
7.1286,24
7.3711,24
7.2078,13
6.9901,23
7.1166,21
6.9828,25
7.0259,23
7.2074,25
7.0873,22
6.7989,28
7.5912,17
7.1072,20
7.1389,19
7.2356,21
7.2462,22
7.3465,26
7.1244,20
6.9811,23
7.1326,22
7.4059,16
6.9755,17
6.9836,22
7.0425,26
7.2526,26
7.3843,25
7.4262,18
7.2297,15
6.9786,17
7.1956,20
6.8844,24
7.3110,22
7.1934,19
7.1880,22
7.1282,20
7.0294,26
7.2049,21
7.1636,23
6.7905,16
7.2039,23
7.1828,25
7.2635,15
6.9675,28
7.4083,18
7.0211,24
6.9824,29
7.2390,27
7.2071,13
6.7805,28
6.7690,20
7.1470,18
7.0883,19
7.2323,28
6.9602,30
7.2557,21
7.1159,17
7.1712,28
6.7764,29
6.8493,28
6.9620,30
6.8646,28
7.3859,17
7.1108,24
7.0128,20
7.4294,18
7.0433,35
7.4362,16
7.0507,28
7.2845,29
7.1333,20
7.1177,25
6.9642,14
7.0251,18
6.9661,26
7.0136,23
6.8921,28
7.4514,19
7.0474,22
6.9508,37
7.2191,21
7.0788,27
6.6697,29
7.0799,27
7.0586,34
6.9443,29
6.8655,24
6.9961,24
7.0829,22
7.1094,22
7.0772,21
7.0283,24
6.9597,22
7.2115,24
6.9096,30
6.9543,24
7.1368,21
6.9089,26
7.1126,23
6.7912,23
7.1573,20
7.2559,25
6.8131,34
6.7589,25
7.0653,24
7.1619,26
6.8650,27
6.7022,29
6.8287,30
7.2620,31
6.8429,22
7.0734,24
7.2614,32
7.0257,22
6.7755,22
7.0386,20
6.8974,23
6.9682,30
6.7873,30
7.1531,19
7.1664,28
6.9685,27
6.7435,34
6.8962,26
6.8682,29
6.8480,35
6.9996,23
7.0367,25
7.1314,17
7.0340,20
6.6983,35
6.9671,25
6.9576,22
6.7776,28
6.7615,31
6.8703,23
6.9447,29
6.9617,29
6.9613,28
6.9263,31
6.7774,36
7.0345,19
6.7738,30
6.7070,26
6.9015,20
7.0072,18
6.9471,38
6.9671,25
6.9343,28
6.9011,32
7.1210,25
7.0547,28
6.8319,31
6.9895,21
6.9258,27
7.0099,27
6.5570,27
7.0731,24
7.0477,22
6.9773,28
6.9465,35
6.5507,21
7.0203,30
6.7858,34
6.6538,30
7.0015,24
7.0422,25
6.9116,39
6.9714,27
6.8750,23
6.9090,24
6.6057,34
7.0703,22
6.7026,26
6.8100,27
6.8545,35
6.8614,27
6.8956,28
7.1304,19
6.9728,28
6.8267,30
6.9666,20
7.0765,21
7.1524,21
6.8911,24
6.9989,24
6.8863,28
6.6009,26
6.6415,30
6.7796,29
6.6569,38
6.9718,30
6.7518,35
6.6925,36
6.9905,27
6.9155,30
6.8764,26
6.6684,35
6.6668,26
6.9172,34
6.7554,34
7.0294,23
6.8266,24
6.8285,35
6.7762,35
7.2679,22
6.8416,37
6.8645,29
6.4626,30
6.7913,25
6.9784,29
6.6706,30
6.6841,30
6.4785,37
6.6277,35
6.8829,35
7.0017,23
6.8714,31
6.8840,25
6.8242,29
6.5825,30
6.7157,36
7.1582,28
6.9435,32
7.1735,16
6.7412,27
6.8109,33
6.4472,31
6.8480,30
6.8243,33
7.0740,29
6.9810,26
6.8343,37
6.8545,29
6.9269,30
6.5220,36
6.8988,32
6.5299,42
6.8992,27
6.7670,28
7.1351,21
6.7723,33
6.6138,45
6.6533,36
6.6348,26
6.3312,35
6.5753,39
6.6413,33
6.4526,45
6.6525,33
6.7410,28
6.6825,28
6.6088,34
7.1297,34
6.7165,30
6.8540,28
6.7381,29
6.5012,39
7.1070,28
6.9571,26
6.5868,46
6.7199,35
6.2802,47
6.7300,39
6.6018,40
6.8307,26
6.7791,26
6.7103,33
6.9579,23
6.3175,47
6.7179,34
6.4730,28
6.3521,52
6.7450,28
6.6788,28
6.6542,36
6.2235,44
6.4142,40
6.9353,30
6.4505,42
6.7392,37
6.7383,34
6.8602,33
6.5507,45
6.5381,37
6.7868,23
6.7634,28
6.7163,27
6.8910,29
6.6520,33
6.6825,36
6.6664,38
6.8064,29
6.8527,31
6.6237,33
6.5225,37
6.5067,38
6.6716,26
6.6663,36
6.3638,45
6.5495,38
6.7668,22
6.6901,27
6.8959,32
6.5283,37
6.7280,28
6.8678,28
6.8184,21
6.6955,34
6.6465,43
6.6749,29
6.5220,38
6.7181,35
6.9275,29
6.6858,35
6.8283,18
6.7085,36
6.6413,28
6.7903,24
6.4899,37
6.6263,34
6.8342,29
6.2916,35
6.5578,38
6.6716,36
6.5511,39
6.6771,26
6.3997,36
6.5899,39
6.5909,29
6.4585,53
6.5253,32
6.3717,41
6.6440,37
6.5658,28
6.6854,36
6.6003,31
6.7625,36
6.5119,32
6.5954,38
6.4486,43
6.5066,36
6.5339,40
6.5322,41
6.5277,32
6.7661,28
6.5822,42
6.2441,45
6.8023,38
6.5551,41
6.5661,34
6.5748,44
6.5200,36
6.5456,36
6.7942,35
6.2932,38
6.4922,40
6.4131,43
6.3201,39
6.5112,39
6.7582,37
6.7172,23
6.2747,38
6.3170,38
6.3653,46
6.3793,42
6.5388,36
6.4698,40
6.6935,35
6.4438,35
6.5181,34
6.5802,32
6.6830,36
6.3357,50
6.3634,45
6.4508,40
6.7211,41
6.3198,41
6.3655,43
6.8440,36
6.7885,32
6.4859,40
6.3162,35
6.6367,32
6.4975,38
6.6053,36
6.3568,41
6.4558,35
6.5886,31
6.8226,36
6.5556,39
6.4116,37
6.6321,37
6.5380,36
6.4895,34
6.2483,38
6.4193,43
6.3058,50
6.5506,38
6.7080,36
6.6584,36
6.3599,34
6.5095,36
6.5797,36
6.6297,36
6.2962,50
6.5458,33
6.3093,37
6.3896,46
6.4914,43
6.5531,39
6.4117,43
6.4833,48
6.5699,37
6.5892,41
6.5014,40
6.5323,44
6.2169,48
6.5944,41
6.5077,36
6.2745,49
6.0511,40
6.4122,42
6.5425,38
6.6672,41
6.5206,32
6.2946,36
6.4984,42
6.2970,47
6.5147,31
6.3155,38
6.4452,40
6.8108,35
6.4975,35
6.4520,42
6.7369,30
6.5864,35
6.5314,37
5.9950,41
6.6207,41
6.4951,50
6.4507,39
6.5113,36
6.4827,36
6.4310,53
6.1043,35
6.3687,43
6.3541,39
6.1221,50
6.3737,38
6.3740,44
6.2026,42
6.2325,42
6.3740,47
6.4147,43
6.4202,41
6.5943,40
6.5320,38
6.2086,42
6.2377,35
6.6587,41
6.6913,35
6.2474,39
6.6700,42
6.2758,45
6.0498,49
6.3104,41
6.4405,36
6.4514,48
6.3972,33
6.2891,54
6.6743,51
6.2695,41
6.4598,50
6.1556,42
6.3775,41
6.5516,44
6.1954,36
6.4502,32
6.0859,47
6.7278,49
6.1216,50
6.4247,38
6.4496,37
6.4391,31
6.2196,38
6.3422,44
6.6185,40
6.4086,47
6.3114,34
6.2722,45
6.4761,38
6.5612,29
6.7135,33
6.3093,40
6.4804,39
6.3083,48
6.7079,28
6.2598,40
6.4478,43
6.3263,38
6.2901,51
6.3287,27
6.7192,34
6.7528,36
6.3801,51
6.3687,37
6.5333,32
6.5039,52
6.3642,43
6.3759,41
6.1585,49
6.2597,45
6.4682,42
6.3903,50
6.6063,36
6.4139,45
6.3612,39
6.4522,43
6.0216,48
6.2639,42
6.3259,42
6.1512,56
5.8442,47
6.5244,37
6.1255,39
6.4310,44
6.4775,36
6.4934,42
6.1323,48
6.2799,34
6.0668,59
6.2135,44
6.4332,48
6.3700,44
6.2174,42
6.0413,54
6.2475,46
6.3235,37
6.1307,37
5.7158,57
6.0160,45
6.2275,47
6.2003,37
6.2785,39
6.5442,43
6.4274,40
6.0789,38
6.2696,44
6.1197,54
6.2502,40
6.1047,44
6.1222,60
6.2557,37
6.2857,36
6.2286,50
6.4619,43
6.1921,41
6.0528,55
6.3478,44
6.6079,38
6.5182,44
6.2431,34
6.3072,57
6.1197,47
6.0572,41
6.3669,46
6.2498,40
6.1538,55
6.4395,36
6.1580,39
6.1778,43
6.2304,42
6.1713,54
6.0749,48
6.0952,55
6.4220,37
6.2156,41
6.2493,40
6.0751,45
6.2973,50
6.3449,37
5.9185,49
6.1868,42
6.4654,49
6.0836,53
6.3496,51
6.0485,52
6.1244,58
6.1392,45
6.1418,49
6.2080,36
6.2360,51
6.2324,49
6.2366,47
6.2923,51
6.2213,41
6.2050,51
5.9610,51
6.0775,52
6.2272,39
6.2608,47
6.3276,59
6.3660,31
6.0558,51
6.1667,41
6.0681,53
6.0413,54
5.9204,43
5.8754,67
6.0329,52
6.0989,34
5.8218,55
6.0807,46
6.2789,42
6.2244,43
6.5183,37
6.3160,44
6.1615,45
6.1154,35
6.1388,42
6.4307,45
5.8624,52
6.2369,34
6.4904,32
6.1866,43
6.4636,34
6.1791,42
6.0693,46
5.8218,53
6.1575,45
6.1945,50
6.3855,46
6.1536,54
6.3588,39
6.0224,46
6.2843,42
6.3165,51
6.1133,47
6.0142,41
6.3424,45
6.4574,35
6.3187,49
6.0837,52
6.0060,52
6.6130,43
5.9319,50
6.0845,41
6.0945,38
5.9116,55
5.8933,53
6.1205,49
6.2459,47
6.2070,42
6.0323,47
6.1906,46
6.0114,44
6.2016,56
5.9423,46
6.1275,48
5.9193,55
6.0542,42
5.8008,47
6.3667,39
6.1476,50
6.0973,52
6.0101,46
5.8484,42
6.4190,33
5.9776,44
6.0438,39
5.9439,57
6.1548,42
6.1555,44
6.4635,41
6.3109,41
6.2640,50
5.9196,54
6.0140,50
5.8864,56
6.3002,38
6.1142,47
5.8886,59
6.0184,41
6.0100,55
6.0525,50
5.9375,49
6.4245,35
5.9552,48
6.2571,47
5.7519,56
6.0569,45
6.2061,47
6.0426,31
6.1278,47
5.8299,62
6.0965,45
5.9678,52
6.0791,47
6.0032,58
5.7104,55
6.3095,50
6.1038,46
5.7919,49
5.8785,57
6.0595,46
5.8015,57
5.9968,46
6.0477,38
5.7550,55
6.3124,36
6.1283,49
6.1574,46
5.7593,51
5.9352,58
6.0193,37
5.7900,59
5.8840,42
5.8754,59
5.8103,67
5.9728,48
6.0159,52
5.6961,48
5.8935,54
6.0944,49
6.0595,50
5.6004,56
5.7081,57
6.3915,45
5.8360,51
5.9930,48
5.8381,47
5.9149,48
6.4956,49
6.0398,43
5.7547,60
6.1846,54
5.9806,51
6.1272,55
6.0491,50
5.7745,58
5.8473,59
5.9853,47
5.8467,49
6.1017,51
5.9377,49
5.9100,50
5.9690,51
5.8995,44
5.9642,59
5.9167,42
5.8849,49
5.8446,50
6.0197,49
6.0556,46
6.0817,58
5.7874,61
5.6683,58
5.8905,61
5.9981,44
5.7092,61
5.9692,55
5.9464,43
5.5811,70
6.0617,55
5.9832,59
5.8918,57
6.1897,48
5.5291,69
5.8600,52
5.8834,52
5.8752,56
5.5181,59
5.6811,59
5.8806,56
5.8015,59
6.0317,54
5.8037,65
5.8394,57
5.8396,48
6.1457,51
5.8921,54
5.9672,44
6.1253,47
5.8739,51
5.8897,68
5.9101,51
5.6561,55
5.6987,60
5.7570,61
6.3875,50
6.0344,40
6.1278,46
5.9251,49
5.7288,60
6.1744,52
5.9613,57
5.8056,57
5.8848,55
6.2421,53
5.8003,70
6.0541,48
5.5493,55
5.7624,46
5.9328,48
5.8536,52
5.9023,51
6.2268,43
5.8181,57
5.5918,57
5.7798,60
5.6992,58
5.6870,57
5.6003,67
5.7677,69
5.9691,45
5.6464,59
5.9538,58
5.4109,72
5.8893,67
5.9438,61
5.7303,59
5.9768,50
5.6435,57
5.7778,55
6.0250,54
5.8422,58
6.0496,53
6.0222,50
6.0866,58
5.8286,53
6.0831,44
5.8292,40
5.7921,52
5.9795,56
5.8616,51
5.8073,53
5.8769,45
5.9645,46
5.9564,53
5.8072,60
5.7985,52
5.8834,61
5.9229,61
6.1284,45
5.7060,77
5.7583,51
6.0820,55
5.9421,57
5.8245,55
5.6407,58
6.0711,54
5.6799,55
5.7759,51
5.9587,47
6.0592,57
5.5808,66
5.6647,58
5.8859,45
5.7784,55
5.6387,54
5.9310,39
5.7105,55
6.0346,55
5.9246,53
5.7413,50
5.7862,55
5.8437,63
5.5018,62
5.8179,54
5.6881,45
6.2743,39
5.5130,63
5.8248,62
5.9987,43
5.8558,61
5.8311,60
5.8859,47
5.9086,43
5.8063,46
6.0211,50
5.7376,56
5.7219,55
5.7571,53
5.8235,47
5.5810,64
5.8163,57
5.8502,60
6.1357,55
5.6987,70
5.6620,69
5.6470,66
5.6700,59
5.9980,58
5.8132,58
6.0685,53
5.7060,63
5.6787,58
5.7762,65
5.9828,65
5.6746,54
5.6170,69
5.8001,56
6.0721,52
5.5302,57
5.4430,66
5.5822,55
5.6892,51
5.6053,62
5.7235,68
5.9301,54
5.8758,66
5.8259,61
5.9078,57
5.9987,52
5.3047,61
5.4681,63
5.6742,57
5.9159,49
5.6930,48
5.9045,60
5.6328,44
5.7348,49
5.9332,61
5.5772,59
5.4816,69
5.5774,75
5.6240,58
5.6979,63
5.8912,50
5.8711,59
5.6824,46
5.9827,50
5.7927,59
5.6880,62
5.9105,62
5.7223,46
5.9586,48
5.8612,63
5.7374,57
5.7370,67
5.4141,70
6.0806,46
5.8883,48
5.6218,54
5.6683,62
5.8298,51
5.9403,47
5.5590,71
5.4799,49
5.5208,62
5.9209,64
5.7194,58
5.5421,72
5.8408,54
5.9864,49
5.6002,59
5.8996,45
5.6249,60
6.0628,52
5.6032,73
5.5358,65
5.5484,75
5.9707,55
5.8763,62
5.6595,62
5.4422,64
5.6988,50
5.9384,42
5.5227,61
5.4937,67
5.7828,75
5.7236,61
5.9599,53
5.5160,62
6.1281,52
5.5095,54
5.8335,59
5.7712,52
5.6554,64
5.3742,75
5.6494,56
5.7090,54
5.5112,60
5.2363,69
5.6337,60
5.8664,51
5.3594,70
5.5319,76
5.4641,72
5.5561,67
5.6182,60
5.6646,64
5.6835,58
5.5689,57
5.5243,66
5.7310,62
5.6537,63
5.6791,68
5.6120,59
5.5158,60
5.6629,53
5.6932,69
5.8408,51
5.7758,67
5.5734,69
5.6743,68
5.6252,56
5.4076,66
5.7909,59
5.7504,65
5.8507,49
5.9220,61
5.8165,65
5.5803,66
5.7505,50
5.7421,51
5.7882,66
5.7413,49
5.5498,61
5.7556,65
5.6493,55
5.7886,58
5.7373,62
5.5892,68
5.6161,54
5.3207,66
5.7996,49
5.5805,65
5.7284,56
5.5144,76
5.8077,53
5.5312,68
5.4815,68
5.8446,53
5.6552,63
5.7159,62
5.6258,51
5.5968,65
5.6709,54
5.3828,71
5.5092,61
5.6091,65
5.6877,63
5.6985,64
5.5583,63
5.4762,64
5.5945,59
5.3790,65
5.5345,66
5.6063,66
5.6478,70
5.8326,58
5.3465,77
5.8517,61
5.6012,74
5.6041,68
5.3041,78
5.6582,60
5.9420,55
5.8359,58
5.7351,50
5.5992,58
5.1754,73
5.7015,56
5.4430,68
5.7146,66
5.3583,63
5.5876,57
5.6690,45
5.9946,69
5.4763,69
5.7091,55
5.7676,63
5.2926,72
5.7792,60
5.5358,58
5.1547,81
5.5713,67
5.3378,65
5.2675,68
5.5508,67
5.6047,69
5.5734,58
5.1119,65
5.5360,64
5.5083,67
5.4228,67
5.6230,50
5.7351,64
5.4442,72
5.1913,64
5.6284,65
5.6164,59
5.6657,69
5.7679,50
5.5676,60
5.4910,63
5.6924,57
5.9640,49
5.3519,70
5.7682,53
5.4789,67
5.4016,64
5.6814,62
5.5679,59
5.3692,60
5.8881,56
5.2851,69
5.3876,65
5.4959,63
5.7313,63
5.4605,57
5.6559,61
5.3358,67
5.6341,61
5.7798,74
5.5848,70
5.7246,58
5.3963,68
5.5233,69
5.5501,60
5.4991,53
5.4299,74
5.4640,74
5.5470,61
5.2347,80
5.3781,71
5.6701,66
5.4746,59
5.6612,66
5.6586,60
5.6685,60
5.4015,68
5.4817,61
5.4921,56
5.2904,60
5.5741,48
5.4513,79
5.5317,66
5.4446,76
5.4579,58
5.4141,76
5.5492,67
5.4341,65
5.5307,59
5.6090,75
5.3840,58
5.3601,68
5.3830,71
5.9583,56
5.1967,66
5.4548,65
5.6052,58
5.5507,62
5.4434,68
5.4205,62
5.4230,62
5.5069,71
5.9947,65
5.5797,60
5.5782,66
5.5947,70
5.6145,64
5.5819,53
5.4301,60
5.4045,74
5.6201,61
5.3063,67
5.4805,63
5.6085,68
5.5430,69
5.8857,64
5.8014,45
5.4020,65
5.3247,78
5.5379,74
5.6785,58
5.4014,57
5.3485,72
5.2841,66
5.5122,74
5.5065,61
5.5133,61
5.5562,62
5.2006,71
5.3970,80
5.7134,64
5.5101,68
5.3178,83
5.3311,85
5.3718,82
5.6371,68
5.1980,61
5.4339,70
5.2707,85
5.0388,68
5.5281,69
5.5500,66
5.3537,67
5.3515,69
5.8175,54
5.8331,61
5.6946,57
5.4236,59
5.2801,72
5.6002,67
5.3692,72
5.2124,79
5.4285,57
5.3552,64
5.5724,68
5.2519,66
5.4018,73
5.3750,61
5.3967,59
5.1554,68
5.4721,60
5.2763,68
5.3309,78
5.2173,67
5.3090,72
5.6868,63
4.9428,72
5.5270,53
5.3394,73
5.2723,60
5.2219,65
5.6502,58
5.2529,79
5.2723,68
5.6567,64
5.3559,67
5.6112,71
5.6498,70
5.4522,71
5.1298,68
5.5375,80
5.1742,70
5.6324,55
5.4768,64
5.4394,61
5.5147,59
5.4338,70
5.1083,73
5.0999,73
5.3196,74
5.6204,63
5.4357,63
5.4684,69
5.4657,76
5.9052,56
5.3512,68
5.6249,68
5.4025,73
5.3155,64
5.5336,73
5.6623,69
5.4032,72
5.2956,70
5.3521,72
5.1434,78
5.1933,67
5.3438,78
5.4909,70
5.3552,64
5.2753,73
5.2060,78
5.0660,59
5.5802,61
5.2147,66
5.1645,74
5.6276,69
5.0803,82
5.3460,70
5.4397,84
5.3782,64
5.4389,52
5.3696,68
5.3099,75
5.2818,73
5.2770,75
5.1578,87
5.2556,71
5.7283,74
5.2349,65
5.2489,80
5.2634,67
5.1211,83
5.4452,64
5.1072,70
5.4754,65
5.5503,62
5.1287,68
5.5304,65
5.2501,63
5.1288,74
5.4530,67
5.3310,63
5.4383,72
5.3759,55
5.4428,71
5.2713,74
5.6154,75
5.5422,74
5.5347,65
5.6257,72
5.2329,62
5.4017,71
5.3072,61
5.1926,81
5.2662,70
5.1922,71
5.2340,77
5.2379,75
5.4335,67
5.5964,64
5.4928,67
5.3861,63
5.0900,66
5.2224,89
5.4376,72
5.4739,69
5.1732,69
5.0011,83
5.1833,67
5.1777,82
5.2892,83
5.3065,68
5.3066,66
5.2883,78
4.9677,90
5.2188,66
5.4875,64
5.2181,73
5.1893,73
5.3473,73
5.3150,82
5.2654,71
5.1312,79
5.5597,72
5.4446,65
5.4139,68
5.5516,60
5.5165,68
5.4867,64
4.9230,74
5.2532,70
5.1517,84
5.5822,59
5.1279,82
5.4456,68
5.1580,61
5.4096,63
5.4292,59
5.4192,71
5.1675,70
4.9043,84
5.1711,65
5.3933,69
5.1017,79
5.4755,61
5.1923,89
5.2849,63
5.2779,64
5.2072,64
5.5181,65
5.1489,80
5.0715,69
5.4962,65
5.1941,71
5.1813,82
5.3695,71
5.5260,77
5.2766,72
5.3651,72
5.0298,71
5.4987,66
5.0571,82
5.3836,65
5.3559,59
5.2834,80
5.1816,71
4.8439,74
5.1450,71
5.2797,66
5.1660,68
5.2696,72
4.8087,85
5.2665,85
5.3205,68
5.2028,70
5.0084,84
5.4218,72
5.4638,54
5.4105,82
5.0760,72
5.6439,68
5.0933,84
5.1864,69
5.2192,78
5.2071,81
5.1435,84
5.2167,69
5.1454,73
5.4533,58
5.2103,74
5.2515,73
5.5126,65
5.2407,72
5.4471,77
5.1979,67
5.0200,75
5.5491,70
5.1309,76
5.4116,77
5.3123,60
5.0392,82
5.6740,73
5.0166,71
5.5372,67
5.1218,61
5.4014,76
5.1585,82
5.4480,75
5.1425,74
5.1284,88
5.2349,77
5.2331,70
5.4980,68
5.3867,67
5.4398,67
5.5486,65
5.2726,60
5.1061,76
5.0468,79
5.0683,86
5.3458,68
5.2885,63
4.9519,74
5.0977,80
5.1428,72
4.8793,78
5.0639,92
5.1394,72
5.0633,72
5.0827,81
5.1110,68
5.1012,77
4.8750,88
5.0806,83
5.0648,73
5.5271,70
5.2131,78
5.1164,85
5.1596,83
5.0126,91
5.1067,83
5.2102,72
5.2111,72
5.1989,73
5.2228,67
5.1501,76
5.3211,76
5.2795,78
5.4333,80
4.9132,81
5.2539,79
5.1339,72
5.3374,69
4.9859,75
5.1435,63
5.5476,72
5.2984,64
5.1656,67
5.1258,75
5.4731,61
5.1623,70
5.0942,79
5.3778,72
5.3768,88
5.1970,70
5.5103,78
5.3332,79
4.8714,92
5.2180,86
5.1524,86
5.1126,67
5.0654,77
5.0864,86
5.4571,69
4.8363,80
5.2920,82
5.0373,87
5.1177,76
5.1208,80
5.4513,81
5.3711,71
4.9126,70
5.2508,79
4.9499,89
4.9974,81
4.8624,88
4.9249,79
5.2044,82
5.0974,65
5.2368,87
5.0014,75
5.0290,82
5.4700,71
5.0031,90
5.0152,84
5.3917,59
5.3720,74
5.4094,78
5.3665,79
5.1560,71
4.8142,84
4.9987,91
5.1344,86
5.1553,69
5.2173,76
5.2909,82
5.3264,59
4.8392,80
4.8970,92
5.2162,76
5.2850,78
5.4455,61
5.0817,72
5.2350,79
5.1495,67
5.0742,81
5.0457,78
5.0455,76
5.1509,75
5.3336,72
5.3926,64
4.9296,80
5.4503,70
5.2632,64
5.0483,67
5.0714,79
4.8082,82
5.1784,69
4.9139,75
4.9057,86
5.2640,67
4.9716,98
4.7399,81
5.0581,94
5.0643,74
5.1437,72
5.2398,69
5.0187,75
5.2804,72
5.1235,70
4.9883,76
4.7690,85
5.0267,91
4.8401,76
5.0510,72
5.2611,76
5.6647,68
5.0459,85
5.2658,73
4.9534,93
5.0987,83
5.1002,87
5.1101,78
5.0851,76
4.8733,76
4.9492,69
4.8662,78
5.4879,76
5.2574,73
4.5967,95
5.1861,85
5.3085,66
4.8018,82
4.8857,90
4.9858,87
5.0998,82
4.8296,86
4.8840,90
4.9588,76
5.1289,73
5.0691,71
4.8697,79
5.0629,70
4.8885,75
5.1539,85
4.9490,81
5.2674,85
4.6861,82
4.8358,76
5.1588,73
4.9104,82
4.9420,81
4.7888,94
4.7922,87
4.9754,90
5.1920,70
5.0626,73
5.3214,73
4.7610,85
4.8591,87
5.0681,73
4.9374,76
5.2181,74
5.1587,83
4.9730,88
4.9002,87
5.1495,66
5.0445,86
5.3791,64
5.0198,81
5.0404,70
4.9447,76
5.1072,83
5.0931,74
5.0234,87
5.0769,85
4.9538,89
4.9784,81
4.8173,104
5.3591,74
5.0100,84
4.9636,86
5.1460,89
5.2888,78
4.9554,86
5.0032,85
5.3377,72
4.9123,92
5.1809,77
5.0323,81
5.0939,82
4.9221,78
4.6148,98
4.9711,70
5.0342,82
5.0290,85
5.0826,73
4.9281,87
4.7396,99
4.7830,92
5.1597,63
5.2508,75
5.3394,76
4.9525,90
5.0976,63
5.0780,71
5.1997,75
5.1973,77
5.2201,77
5.1322,80
5.0298,87
5.0035,76
4.8059,82
4.8989,88
5.1203,75
4.8188,96
4.7533,83
4.9824,93
5.0324,82
5.2144,71
5.0767,83
5.0942,84
4.9189,80
5.3815,66
5.3293,81
4.9374,76
5.1826,89
5.2293,79
4.9730,89
4.9067,78
5.0873,76
4.8525,80
4.9609,92
4.8960,84
4.5250,97
4.7946,94
5.1055,78
4.7939,93
5.0188,69
4.8027,81
4.9963,86
5.1363,85
4.9406,89
4.9657,85
5.1818,79
4.8253,78
5.1371,78
4.9633,101
5.2343,82
5.0965,81
5.1579,84
4.9838,83
4.9863,98
5.1334,81
5.3209,69
5.0393,83
4.7873,91
5.2155,78
4.7149,112
4.9548,81
4.9531,81
4.9554,87
5.0108,81
4.8578,90
4.5781,86
5.0484,94
4.9149,82
5.1552,81
4.7296,87
4.9890,66
4.8935,101
5.1654,86
4.8379,92
5.0629,88
4.8612,92
4.6286,85
4.9492,79
4.9541,89
4.7774,84
4.8530,88
5.0196,81
4.9844,69
4.7033,92
4.9260,74
5.0233,68
4.7999,86
4.8560,87
4.8044,90
4.9279,87
4.7956,76
4.7932,72
5.0466,83
4.7614,85
4.8550,91
5.1143,89
4.8762,85
4.7716,82
4.9298,77
4.6524,85
4.7636,93
5.1067,100
4.4851,99
5.0749,73
4.7556,94
4.8774,73
5.0545,79
4.8359,88
4.8697,70
4.7965,87
5.0218,79
4.8487,93
5.0218,77
4.7446,95
4.7048,83
4.9298,80
5.0484,79
5.1991,86
5.1461,71
5.3019,82
5.0989,78
4.8038,87
4.8916,87
4.9068,91
4.6622,94
4.8560,71
5.1249,81
5.2575,84
4.9929,88
5.3031,77
4.7763,83
4.8673,81
4.8886,80
4.8163,87
4.8526,90
4.9907,87
4.7917,75
4.7844,74
4.8185,84
4.8346,83
4.8165,79
4.6451,114
4.9565,86
4.7217,84
4.9628,87
5.0805,77
4.9142,77
4.9239,86
4.4547,108
4.7013,93
4.9830,85
4.6863,78
5.0048,83
4.8428,91
4.9279,89
4.9361,90
4.9616,90
5.0049,74
5.0667,84
4.3115,97
4.7558,80
5.1507,86
5.0005,83
4.7432,84
4.9106,82
4.6235,98
4.7670,98
4.5644,100
4.9615,76
4.9772,66
4.8154,70
5.0244,92
4.6749,93
4.7356,86
4.6998,98
5.1297,85
4.5844,90
5.1406,80
4.8218,77
4.6844,88
4.7384,93
5.0471,83
4.7566,72
4.9353,88
4.9568,85
4.8336,94
4.5549,100
4.9164,70
4.7002,85
4.6603,99
4.5018,88
4.8651,80
5.0721,84
4.7573,87
4.5073,91
5.0176,74
4.6151,88
4.7822,72
4.8419,92
4.6720,96
4.6051,96
4.7703,89
4.9240,79
4.7117,88
4.7606,88
4.6812,78
4.4770,92
4.4964,87
5.0412,81
4.5675,106
5.0852,85
4.9148,83
5.0206,89
4.6166,100
4.7522,89
4.8346,91
4.8269,84
4.8091,85
4.9465,82
4.8481,99
4.5218,97
4.9623,74
4.8947,84
4.8678,83
4.7490,95
4.4850,101
4.7061,78
4.9146,74
4.7498,93
5.1898,68
4.7845,93
4.8976,80
4.6595,92
4.9030,92
4.6894,87
4.8114,94
4.6206,83
5.0973,95
4.5647,84
4.8222,80
4.8268,101
4.6656,94
4.7151,90
4.8230,91
4.7379,101
4.9282,90
5.1663,82
4.5796,97
4.9090,82
4.8553,74
4.8855,89
4.6266,88
4.9506,76
4.5996,88
4.9746,65
4.8955,74
4.9462,68
5.1153,85
5.1050,90
4.7915,90
4.9706,92
4.6673,84
5.0015,83
4.9868,90
5.1239,80
4.9674,93
4.8998,100
4.3860,96
4.7933,77
4.6510,100
5.0368,73
4.7511,85
4.5226,96
4.6758,85
4.8427,87
4.6991,96
4.5804,95
4.4211,102
4.4333,116
4.7507,84
5.2175,64
4.7323,92
4.5501,94
4.9812,76
4.8125,93
5.0141,72
4.4420,98
4.7317,82
4.9385,82
4.5920,90
4.8308,79
4.8825,84
4.4918,108
4.6524,95
4.8186,85
4.9063,84
4.9430,91
4.5529,91
4.9787,88
4.5470,103
4.9425,84
4.5742,93
5.1351,76
4.8255,95
4.7840,76
4.7406,82
4.9780,99
4.8770,75
4.7149,97
4.8805,88
4.8475,85
4.7745,85
4.5843,98
4.8290,89
4.8704,94
4.8660,80
4.4729,87
4.8579,97
4.4974,78
5.0865,84
5.0043,85
4.8033,79
4.8464,93
4.7527,88
4.8803,89
4.1795,105
4.6613,87
4.6956,91
4.7232,102
4.7691,103
4.7600,75
4.5799,98
5.0220,92
4.8478,78
5.0174,95
5.0117,96
4.6337,87
4.8857,99
4.9026,92
4.6663,95
4.9161,91
4.8208,81
4.4423,97
4.8786,87
4.5353,85
4.8273,84
4.6659,76
4.6608,88
4.9362,78
4.6664,95
4.7698,82
4.8914,87
4.9495,89
4.6768,81
4.6460,91
4.9118,89
4.7732,103
4.4058,103
4.4983,85
4.6476,77
4.4135,115
5.0912,90
4.5810,95
4.6817,101
4.7670,87
4.7160,99
4.8593,82
4.9210,98
4.9211,91
4.6477,98
4.5951,98
4.6181,95
4.7673,92
4.8803,93
4.5890,89
4.7481,101
4.9293,88
4.8403,88
4.9861,79
4.5859,111
4.7321,89
4.6651,94
4.4679,97
4.6189,107
4.5775,96
4.4600,89
4.4776,92
4.3372,99
4.8679,85
4.6120,101
4.6762,118
4.5850,96
4.4845,98
4.7458,95
4.4106,106
4.6593,111
5.0838,73
4.7809,88
4.8783,84
4.6906,106
4.7997,92
4.8924,102
5.0795,80
4.6246,93
4.4605,88
4.9496,82
4.8110,91
4.8552,94
4.4927,89
4.5516,105
4.5633,96
4.5651,97
4.5708,87
4.5385,98
4.9317,84
4.6768,95
4.8059,99
4.4007,103
4.8137,83
4.5162,108
4.4400,102
4.8624,87
5.0670,88
4.4075,92
4.7575,96
4.7118,104
4.8586,91
4.3611,101
4.7565,89
4.6497,96
4.6763,87
5.0259,95
4.9729,90
4.6940,92
4.7622,89
4.7339,102
4.6612,87
4.2110,117
4.5713,88
4.5867,94
4.4043,103
4.3344,107
4.7912,83
4.5538,100
4.4692,99
4.8662,93
4.5957,97
4.6164,97
4.7036,97
4.5537,89
4.5513,89
4.7869,97
4.9530,78
4.4421,89
4.3591,108
4.5937,98
4.7794,89
4.6522,106
4.8713,80
4.6370,98
4.2613,102
4.7843,93
4.6280,97
4.8444,89
4.5900,105
4.4145,100
4.4871,108
4.4931,85
4.5537,95
4.4904,96
4.6026,106
4.5863,94
5.0177,75
4.6432,100
4.6512,104
4.8329,98
4.6270,96
4.5233,111
4.4394,96
4.8823,75
5.0639,68
4.4311,106
4.3129,100
4.9768,80
4.9023,95
4.5946,101
4.8613,98
4.7318,65
4.4632,90
4.4946,106
4.9707,84
4.7757,75
4.3290,104
4.8403,91
4.4498,100
4.7315,76
4.6723,83
4.4719,98
4.7305,94
4.3916,91
4.6535,85
4.5019,100
4.5367,95
4.6053,106
4.7555,91
4.4088,109
4.9327,79
4.6594,92
4.4867,105
4.7823,96
4.5467,94
4.6667,99
4.6274,103
4.1372,114
4.7284,92
4.5761,101
4.6451,99
4.8907,82
4.5807,85
4.3731,98
4.5380,107
4.5901,81
4.6727,91
4.4302,100
4.7223,95
4.4003,94
4.5887,96
4.5686,96
5.0077,91
4.8436,96
5.0261,78
4.4262,87
4.4988,97
4.4478,109
4.4973,91
4.3769,98
4.5882,86
4.3026,104
4.7680,102
4.7519,106
4.1769,99
5.0219,82
4.6577,98
4.7808,97
4.6867,105
4.8148,87
4.7181,94
4.5122,96
4.3906,106
4.3115,95
4.5709,81
4.5242,93
4.6702,95
4.2770,99
4.6033,102
4.3975,104
4.3646,95
4.6471,82
4.7577,82
4.7062,108
4.6212,95
4.5655,86
4.5618,100
4.3785,107
4.4773,98
4.4468,98
4.5559,106
4.8671,89
4.6769,83
4.3949,107
4.5099,93
4.5777,94
4.5645,98
4.7452,93
4.2702,101
4.3877,97
4.5745,104
4.6213,107
4.6432,88
4.7588,88
4.7109,81
4.2836,116
4.4307,103
4.4903,104
4.5041,95
4.4462,100
4.5448,95
4.6597,85
4.5254,110
4.3913,108
4.5104,106
4.4131,113
4.8981,95
4.6411,89
4.8504,81
4.5761,92
4.4682,85
4.3562,104
4.9073,96
4.2300,109
4.4022,98
4.4762,97
4.5740,108
4.7138,91
4.5339,110
4.4632,97
4.8498,91
4.7017,100
4.6961,91
4.5151,95
4.8321,86
4.6590,91
4.6598,90
4.7370,95
4.3536,107
4.7285,98
4.4943,101
4.4388,98
4.5735,100
4.4027,93
4.5177,114
4.4815,107
4.6371,99
4.6915,102
4.7604,91
4.3274,105
4.2554,104
4.5818,104
4.5130,95
4.5354,91
4.5473,94
4.3962,101
4.3771,117
4.2484,109
4.7430,94
4.3114,114
4.4635,111
4.2878,99
4.1046,116
4.6303,91
4.4718,108
4.7348,106
4.3462,110
4.5130,99
4.3663,94
4.5965,96
4.3447,98
4.7651,89
4.5564,97
4.3095,95
4.5210,99
4.3753,109
4.7191,83
4.5344,104
4.5112,92
4.4294,111
4.1697,109
4.6165,92
4.4257,120
4.3525,95
4.3624,107
4.7840,94
4.5888,92
4.6382,101
4.5984,99
4.4573,95
4.5758,103
4.3378,101
4.4463,92
4.6618,101
4.4736,97
4.5712,92
4.6816,88
4.2138,110
4.3878,99
4.8659,86
4.7900,96
4.2694,91
4.2667,111
4.6707,92
4.5604,101
4.2332,110
4.4717,98
4.4836,100
4.0357,122
4.3155,96
4.2975,107
4.4496,90
4.4873,106
4.1217,109
4.6223,98
4.3508,123
4.3402,109
4.5911,101
4.4137,108
4.6189,104
4.3246,101
4.4995,102
4.7312,98
4.2267,105
4.4644,103
4.5455,104
4.5509,88
4.5269,101
4.2783,96
4.5828,92
4.4189,88
4.6768,105
4.6054,111
4.4743,100
4.3926,103
4.7182,102
4.1787,106
4.8949,93
4.3538,99
4.7802,102
4.3595,101
4.6853,90
4.5315,82
4.5670,96
4.3754,99
4.5599,105
4.4617,105
4.4981,114
4.4856,97
4.3801,109
4.4615,104
4.4947,88
4.5765,88
4.5452,88
4.0863,112
4.3431,96
4.2385,100
4.9731,90
4.5288,96
4.1149,104
4.4590,99
4.3710,113
4.4631,99
4.6880,98
4.5486,89
4.5719,99
4.7663,87
4.6465,98
4.4281,102
4.9271,94
4.7109,90
4.4160,100
4.5665,96
4.1093,126
4.4571,106
4.3780,92
4.2713,103
4.4842,110
4.5652,96
4.2930,99
4.3244,103
4.6584,105
4.5207,96
4.3301,109
4.3108,102
4.2662,115
4.2849,107
4.3106,118
4.4726,93
4.3771,105
4.5410,96
4.2376,102
4.2345,108
4.3852,109
4.4425,109
4.4609,102
4.1557,112
4.5470,93
4.3591,113
4.2105,105
4.2917,103
4.5466,92
4.3282,88
4.4105,104
4.2360,105
4.4187,99
4.2996,106
4.4739,98
4.4498,106
4.5485,109
4.4758,94
4.2414,117
4.5051,96
3.9993,110
4.3857,106
4.1021,103
4.6445,88
4.4726,96
4.4320,107
4.3781,88
4.1894,107
4.2956,94
4.0415,113
4.2100,113
4.1485,121
4.2436,107
4.4661,94
4.7344,108
4.5873,85
4.3405,106
4.3481,107
4.3520,107
4.6616,99
4.3031,108
4.4253,98
4.3856,107
4.4157,111
4.4286,104
4.4733,106
4.2344,103
4.5972,105
4.1310,109
4.6513,98
4.2737,138
4.5175,110
4.3660,108
4.3853,112
4.2139,116
4.2390,108
4.7263,96
4.3003,103
4.3143,119
4.2673,103
4.1572,110
4.2308,101
4.2855,113
4.1389,103
4.3255,108
4.5952,97
4.5009,104
4.3131,100
4.4485,100
4.4071,107
4.4411,96
4.2500,106
3.9450,121
4.5665,111
4.3190,104
4.1155,110
4.4824,95
4.3014,110
4.4626,96
4.1438,121
4.2844,102
4.8338,87
4.5845,95
4.5382,87
4.2794,92
4.1354,125
4.4586,104
4.5002,91
4.3203,107
4.4246,94
4.3983,98
4.2022,107
4.2832,106
4.4852,94
4.5231,98
4.3637,105
4.4168,110
4.7124,103
4.3648,105
4.1398,103
4.3644,104
4.3678,109
4.5124,96
4.2428,106
4.2397,107
4.4520,100
4.6004,115
4.2210,117
4.3924,112
4.3704,90
4.1260,92
4.2882,100
3.9377,112
4.0230,111
4.2023,104
4.2187,116
4.3456,108
4.3752,108
4.3149,106
4.5149,86
4.3421,116
4.1323,113
4.5695,97
4.3222,95
4.5676,103
4.2578,100
4.4995,94
4.4202,107
4.3959,107
4.5723,103
4.4848,116
4.4732,91
4.1935,105
4.7053,100
4.4062,100
4.3028,117
4.2545,103
4.3102,131
4.4121,102
4.2903,120
4.1699,108
4.6885,81
4.1213,114
4.1366,117
4.6343,87
4.2585,112
4.5563,84
4.2600,103
4.2637,106
4.6055,91
4.6168,93
4.1587,109
4.0973,111
4.1604,105
4.3849,105
4.4511,101
4.3607,109
3.9455,121
4.3715,107
4.7836,91
4.1550,100
4.2058,107
4.2079,111
4.7679,98
4.4608,99
4.3557,105
4.3461,113
4.2052,109
4.5911,102
4.4565,100
4.1300,113
4.3576,109
4.6019,102
4.5861,86
4.3519,103
4.1281,104
4.5237,103
4.3621,106
4.2040,106
4.1884,107
4.2549,104
4.6366,106
4.3870,114
4.0152,105
4.1770,125
4.3259,102
4.4404,111
4.1143,108
4.3320,109
4.0053,128
4.6152,106
4.3403,118
4.2144,114
4.4879,110
4.5057,104
4.1048,112
4.2222,106
4.5538,98
4.5290,101
4.1281,96
4.2087,110
4.2327,106
4.3687,98
3.9858,107
4.0986,120
4.3114,110
4.5026,92
4.3881,105
4.4385,105
4.5119,93
4.6380,119
4.3047,103
4.5615,107
4.2653,104
4.3876,108
4.1354,121
4.3530,88
4.3121,111
4.5361,95
4.4629,98
4.2090,118
4.3264,108
4.4829,93
3.7596,115
4.5380,94
4.6015,89
4.2326,108
4.0665,106
4.4807,102
4.3054,112
4.0891,126
3.9530,122
4.4266,102
4.3355,93
4.3520,98
4.4129,103
4.4796,104
4.5017,106
4.4696,97
4.3651,104
4.0954,107
4.1410,107
4.6652,103
4.0067,119
4.1381,116
4.1288,117
4.3830,108
4.3078,115
4.3326,98
4.3251,112
4.1645,116
4.4433,109
4.4054,96
4.2896,110
4.4900,98
4.3153,112
4.4244,107
4.3099,96
4.4627,104
4.1955,96
4.4177,117
4.1815,119
4.5610,89
4.1248,119
4.2344,95
4.1258,109
4.2825,92
4.3165,108
4.0145,117
4.5404,107
4.2548,110
4.0377,112
4.0771,110
4.1047,107
4.5868,104
4.6066,81
4.1444,113
4.2272,110
4.5401,114
4.4235,108
4.4142,105
4.3591,118
4.0181,118
4.4890,109
4.1082,118
4.2478,112
4.2610,100
4.3673,114
4.5727,104
4.3286,104
4.1028,119
4.1520,107
4.4594,111
4.3003,106
4.0482,114
4.2687,100
4.0690,116
4.3108,85
4.1413,121
3.9527,112
4.2182,112
4.3723,109
4.1663,126
4.0507,117
4.2254,110
4.5583,102
4.3251,119
4.4883,95
4.4909,108
4.4543,105
4.2252,110
4.2561,111
4.1377,114
4.3088,110
4.3644,114
4.2803,101
4.0722,114
4.3493,95
4.2324,119
4.0405,102
4.1989,118
4.3565,97
4.3962,109
4.0218,117
4.1433,106
4.3821,108
4.2463,110
4.4650,101
4.3212,104
4.3458,102
4.3844,98
4.2399,128
4.3982,100
4.2276,120
4.3422,109
4.4680,103
4.2318,94
3.9053,129
4.4666,93
4.2502,114
4.5752,102
4.4232,106
4.4495,104
3.9844,123
4.4078,99
4.1371,99
3.9967,117
4.2714,115
4.4336,102
4.5267,105
4.0822,125
4.2196,125
3.9844,124
4.1915,115
4.1980,96
4.0841,108
4.4430,112
4.3253,120
4.1335,123
4.3296,99
4.3100,119
4.3525,94
4.1641,111
4.0877,113
4.0475,117
4.0372,99
3.9425,130
4.2261,108
4.2770,119
4.2650,105
4.0668,120
4.2082,125
4.5774,117
4.2932,97
4.0156,114
3.8276,119
3.9508,121
4.2784,104
4.2135,101
4.2068,102
4.4188,119
3.9537,124
4.2365,104
4.0198,120
4.2683,110
4.2262,100
4.3810,104
3.9056,113
4.1816,113
4.1200,115
4.1433,121
4.5076,104
4.3570,104
4.1666,117
4.0302,117
4.2134,107
4.2504,110
3.9194,122
4.1024,114
4.2272,111
4.0266,116
4.0328,111
4.3783,107
4.3347,101
4.3037,101
4.2774,104
3.8215,111
4.0016,120
4.3676,107
4.0156,115
4.2392,104
3.9991,113
4.0570,115
4.1945,91
3.9302,119
4.1825,109
4.0058,120
4.4562,118
4.3026,108
4.0184,110
4.2418,106
4.0907,110
4.5994,101
4.0270,115
4.0617,121
4.3414,106
3.8581,127
4.4721,109
3.9618,112
4.3147,99
4.1150,123
4.2549,118
4.3094,109
4.1384,106
3.9921,109
4.1273,110
4.4265,112
4.1756,106
4.2270,113
3.8881,114
4.0127,120
4.3116,94
4.2169,116
4.2340,103
4.2242,107
4.2116,108
4.2401,113
4.3070,106
4.2752,107
4.0992,121
4.5962,95
4.0971,117
4.2477,114
4.2074,109
4.5123,106
4.2825,109
4.2234,122
3.9960,112
4.0809,114
4.1340,116
4.2328,98
4.2316,108
4.4149,110
3.9799,124
4.0483,109
4.1596,101
4.2174,119
4.2551,117
4.0918,127
3.9042,119
4.2026,103
4.2811,107
4.3014,113
4.1963,107
4.0461,116
4.2146,118
4.0366,114
3.8446,123
4.1242,108
3.7569,126
4.2527,120
4.1498,112
3.7996,138
4.3148,108
3.9704,113
4.1264,108
4.1636,114
4.0699,105
4.4029,98
4.2546,107
4.2978,105
4.3529,104
4.2777,115
3.8829,113
4.3503,103
4.0658,107
4.0161,104
3.9715,112
4.2001,115
4.3996,103
3.7875,143
4.0935,110
4.2424,108
4.3366,114
4.1482,110
4.0063,118
4.0950,115
4.2873,97
4.5242,97
4.0840,102
4.1834,112
4.0282,122
4.2908,113
3.8735,121
4.5296,105
4.1941,125
3.9372,101
4.1914,110
4.0526,116
4.6116,99
3.8600,124
4.1799,109
3.8916,126
4.2388,97
4.2466,120
4.0338,114
4.0585,122
4.2052,107
3.8753,130
4.3696,104
4.2149,107
4.0987,104
4.1560,124
4.2710,94
4.2114,104
3.9908,117
4.0075,119
3.7751,119
4.3333,116
4.0837,119
4.2956,123
4.2170,110
4.3932,99
4.2764,106
4.0286,116
4.0372,126
4.1559,123
3.8733,118
4.0007,117
4.1805,107
3.9293,121
3.9023,118
3.6999,122
4.2635,120
4.0905,115
4.5582,99
4.1067,106
4.0808,111
4.0007,125
4.2201,112
3.8960,127
4.0927,116
4.1613,111
4.1310,114
3.9870,123
4.1798,103
4.0762,113
4.3093,119
3.9359,127
4.1272,110
4.1125,105
4.2853,119
4.1255,109
4.0231,126
4.1376,118
4.1615,134
3.8408,125
4.0857,116
4.0576,123
4.1089,120
4.0429,131
4.1875,125
4.0759,109
3.9366,135
4.2372,111
4.1972,122
3.9118,126
4.1342,110
4.3431,112
4.3062,103
4.2414,119
3.9980,129
3.8417,130
4.2899,120
4.0454,123
4.0004,115
4.0191,116
4.4114,105
4.2013,109
3.9029,125
3.9574,112
4.1109,127
4.0316,120
3.8365,118
4.0949,108
4.1678,106
4.0425,102
4.0595,115
4.1145,106
4.0291,124
4.1031,123
4.0321,105
4.0924,112
4.3381,104
4.2249,115
3.7762,123
3.9366,120
3.9214,133
4.0719,100
3.9513,127
4.1060,113
4.0086,125
4.0083,110
4.2343,118
3.9944,102
4.3043,113
4.0739,114
4.1633,124
3.9407,118
4.3114,105
3.8396,113
4.2948,111
3.9848,118
4.0351,119
4.2083,105
4.2279,123
4.3214,119
4.1156,121
4.0293,107
4.1158,112
3.8596,132
3.8517,125
4.1644,119
3.9951,128
3.7861,119
4.4876,114
4.1940,128
3.9960,126
4.1188,113
4.2288,105
3.8729,116
4.0765,103
4.1551,111
4.1940,125
4.1317,105
4.0748,117
3.9131,111
4.0434,110
4.0500,107
4.2818,103
4.0754,107
4.1560,112
4.0762,111
4.2656,116
3.8702,123
4.1342,121
4.0136,107
4.2571,118
3.8900,131
3.8857,128
4.0112,111
4.0287,125
4.1544,130
4.1184,119
3.8775,117
4.2950,116
4.1951,113
4.0279,118
4.0935,129
4.2612,97
4.1012,125
3.8885,131
3.9470,123
4.1200,110
3.7990,128
4.1070,120
4.1163,119
4.0066,118
3.9876,113
4.0553,119
4.2444,118
3.5997,134
4.2945,102
4.1383,120
3.8609,116
4.0240,113
4.1284,112
4.1865,113
4.1223,116
3.9753,127
3.9440,121
3.9363,123
3.4804,126
3.7716,131
4.0953,120
4.0692,110
4.1919,111
3.8734,128
3.8381,127
4.0627,111
4.2836,109
3.9381,115
3.9851,112
3.8742,108
3.9425,110
4.0850,131
4.1060,114
3.9913,119
4.1932,118
3.9266,122
4.3830,125
3.8778,123
3.9550,130
3.9237,109
4.1132,122
3.8209,121
4.2413,110
4.1222,117
4.0761,112
3.9707,117
4.1204,103
3.6476,126
3.9118,125
3.9981,111
4.1103,120
4.1023,120
3.8270,133
4.1333,118
4.0666,119
4.2535,119
4.1837,112
3.8874,122
4.0897,115
3.8915,114
4.1045,110
4.1427,117
3.6853,127
4.4742,107
3.8102,121
4.1994,106
4.2426,107
4.1791,122
4.0836,108
3.9463,104
3.8990,134
3.9664,118
4.2034,111
4.0766,119
3.9360,119
4.1008,116
3.9173,124
4.0148,127
3.8119,131
4.4293,112
4.2410,105
3.9039,118
4.1880,109
3.9290,119
4.1343,104
3.8497,110
4.1831,116
3.8887,123
3.8939,125
3.5922,134
4.0243,115
4.0522,115
4.0884,116
4.1923,121
3.9069,124
4.1999,111
4.0812,116
3.6927,135
3.5208,118
3.8650,110
3.5552,123
4.0656,113
3.8443,126
4.0199,123
4.1739,113
3.9136,110
4.1798,115
4.0915,112
3.9359,119
3.9953,116
3.7071,127
3.7785,125
4.0638,114
4.0404,117
3.7857,125
3.9607,113
4.0185,118
3.8940,137
4.1082,113
4.1385,126
3.8324,117
4.1077,120
3.9829,125
3.6804,140
3.6483,123
3.9703,121
3.8667,129
3.9388,118
3.7914,109
4.0325,127
4.2502,106
3.7527,137
3.9521,116
3.9682,131
3.8672,134
4.1991,125
3.9851,121
3.6966,136
3.7972,129
3.9773,129
4.1453,118
3.9635,125
3.8892,110
3.8241,120
3.9922,115
4.1366,112
3.9255,122
3.8642,117
3.9905,111
4.0835,117
3.8246,123
3.9220,120
3.5967,128
4.1942,105
3.6505,131
4.0197,123
3.9581,119
3.8922,108
3.9287,121
3.7667,122
3.9211,118
4.0542,109
3.9932,123
3.9606,129
4.2048,111
4.0601,116
4.1176,120
3.8170,125
4.3206,114
4.3164,106
3.9566,115
3.9885,116
3.6926,141
3.8751,121
3.7410,133
4.3352,107
3.8965,122
4.1148,114
3.9482,121
3.7357,130
4.0689,107
4.1567,111
4.1748,115
3.8279,119
3.9237,127
3.6442,135
3.9976,132
3.7243,120
3.7952,137
4.1526,141
3.9192,110
3.7533,129
4.1294,110
3.8561,121
4.0876,113
3.8805,121
4.0504,120
3.8205,125
3.6467,138
3.6299,140
4.3518,111
4.0695,113
4.1992,109
3.6281,137
3.9340,132
3.8115,127
4.2757,113
4.1101,105
4.2688,102
3.8246,120
3.8573,134
4.0228,120
4.2907,108
3.8207,126
4.0287,127
4.1531,122
3.8109,127
4.1075,103
4.1851,112
4.1087,105
4.1577,126
3.6736,139
3.8314,119
3.6573,133
3.9643,123
4.0651,106
3.7125,131
3.7201,119
3.9857,110
4.1189,129
3.8388,117
3.9239,135
3.9576,123
3.7856,133
4.0737,127
3.7927,121
3.9621,115
3.8719,135
4.0034,115
3.8637,132
3.8253,132
4.0201,124
3.9214,128
4.0909,113
3.9490,124
3.8198,119
3.8008,119
3.8853,133
3.8552,112
4.0054,127
4.1082,113
3.7800,112
3.8971,119
3.8339,126
3.9605,131
3.5571,139
3.8598,107
3.5911,135
3.8774,124
3.8455,131
3.5692,130
3.8973,135
3.6340,127
3.8073,119
3.8262,128
4.0283,108
3.9397,116
3.9506,129
3.8108,132
3.7165,116
4.3741,112
3.9223,134
4.1386,120
3.4663,145
3.8581,135
3.8277,115
3.9336,137
3.8329,122
3.8011,116
3.8669,133
4.3486,102
3.7448,137
3.7136,120
3.8010,111
4.0679,116
4.0267,130
3.6772,123
3.9650,110
3.7964,138
3.8372,127
4.1219,126
3.7913,118
3.8525,122
3.9854,118
4.1244,110
3.7467,137
3.9608,143
3.4819,137
3.9781,127
4.1894,117
3.7461,116
3.9033,123
4.1230,131
3.5125,140
3.5042,144
4.0841,119
3.8423,124
3.4503,138
3.8973,118
3.8777,108
3.6594,137
3.8503,126
4.0994,116
3.7237,129
3.8435,127
3.9187,124
3.6458,134
3.9737,124
4.1704,129
3.7192,125
3.7900,129
4.0328,133
3.7694,145
4.1114,139
4.0644,121
3.7489,119
3.9035,133
3.6537,133
3.9483,132
3.6368,126
3.8434,116
3.8455,120
3.9594,117
3.9744,114
4.1701,111
3.7712,131
3.8205,122
3.7822,121
4.0152,117
4.0633,117
4.2651,116
3.8073,125
3.9195,111
3.9574,124
3.5602,140
3.6591,130
4.0800,116
4.0005,127
3.9989,124
3.8955,115
3.8229,127
4.1959,114
3.6708,119
3.8212,126
3.9141,127
3.7486,120
3.9399,120
3.5912,127
3.8454,114
4.0580,125
3.9819,128
3.7522,125
3.6558,135
3.9752,113
3.5121,145
3.6216,139
3.8802,110
3.9137,133
3.5091,132
4.2326,101
3.7696,134
4.0278,112
3.9998,123
3.5772,142
3.7799,119
3.9841,127
3.9634,128
3.8428,115
3.8849,128
3.7195,129
4.0689,109
3.7359,130
3.9582,125
4.0501,123
4.0741,122
4.2547,107
3.7605,129
3.8984,117
3.9854,115
3.9582,114
3.9384,118
3.6946,122
4.0767,114
3.9152,105
3.8957,126
3.8421,133
3.7140,130
3.9292,121
3.8296,108
3.9328,120
3.9479,110
3.6001,138
3.9353,108
3.8982,124
4.0781,125
3.6963,144
3.9191,119
3.7225,124
3.8734,122
4.1264,113
3.8904,128
4.1106,124
3.8542,122
3.7035,118
3.8453,127
3.8839,115
3.9269,118
3.8361,120
3.8536,115
3.8054,130
3.7164,121
3.6576,141
3.7442,122
3.7950,120
3.9177,112
3.6478,129
3.8372,134
4.0575,122
3.8161,121
3.4912,136
3.5529,131
3.9291,125
3.9328,128
3.6650,134
3.9793,116
3.7155,133
3.7629,126
3.7688,110
3.9842,118
3.8502,130
3.8576,113
4.0225,122
3.9895,135
3.7481,128
3.9018,144
3.6075,131
3.8439,121
3.8932,128
3.9003,128
3.6470,128
3.8899,126
3.8575,131
4.0350,113
3.5868,124
3.6300,122
3.5779,143
4.1885,119
3.5578,123
3.8628,121
3.8360,115
3.9175,126
3.7926,133
3.8285,131
4.1263,111
4.0232,121
3.8222,126
3.8236,124
4.1160,103
3.8628,124
4.4911,112
3.7179,110
3.8705,129
4.0223,126
3.7167,136
3.6251,124
4.1013,114
3.7239,121
3.6521,142
3.7364,136
3.9167,118
3.9301,126
3.9928,112
3.7450,133
3.7088,134
3.6068,130
3.6604,141
3.9244,112
3.6776,134
3.9154,124
3.6486,145
4.0771,114
3.7048,133
4.0627,113
4.1353,115
3.6830,139
3.7755,124
4.0246,121
4.0467,119
3.8438,124
3.5819,138
3.7829,108
3.6081,145
3.9239,128
3.6190,134
4.0432,101
3.9715,122
3.9860,128
3.9743,105
3.7972,129
3.7028,125
3.8859,130
3.7824,142
3.7773,131
3.7275,125
3.7100,118
4.3557,117
3.9438,113
3.5228,134
3.7487,131
3.6918,125
3.9913,113
4.4198,108
3.7369,117
3.8293,126
3.8912,130
4.0214,124
3.8236,131
3.7827,125
3.8531,121
3.7352,107
3.6262,123
3.9280,125
4.0845,130
3.9502,128
3.9965,121
3.6395,128
3.8652,129
3.9497,122
3.5664,132
3.8613,128
3.8897,131
4.1139,131
3.8455,136
3.8417,145
3.7556,125
3.9577,126
3.8982,123
3.8117,127
3.8736,129
3.9031,113
3.8345,115
3.7041,139
3.8892,130
3.5810,132
3.5894,147
3.6936,122
3.7858,121
3.7275,138
3.6218,133
3.9555,119
3.6360,117
3.7949,128
3.7850,123
3.7797,130
3.8212,121
3.5565,133
3.9638,110
3.8627,116
3.8433,123
3.7502,133
3.8238,125
3.9877,134
3.9496,120
3.8642,126
4.0609,113
3.7174,131
3.9212,128
3.9537,139
3.6900,127
3.5780,122
3.5983,136
3.6900,131
4.0211,133
3.7715,121
3.8137,115
3.9867,120
3.8025,122
3.6960,115
3.8220,134
3.8051,111
4.0490,112
3.6377,131
4.1308,108
3.7154,131
3.7462,127
3.5358,137
3.6189,123
3.7280,132
3.8679,118
3.8257,133
3.8574,122
3.9752,111
3.9826,126
4.0115,128
3.8466,134
3.7607,131
3.6972,133
3.9413,131
3.6655,133
3.5304,131
3.8936,138
3.7215,128
3.7503,125
3.6092,125
3.6573,125
3.6841,155
3.9018,116
4.1559,117
3.9577,108
3.6082,131
3.4796,140
3.8545,123
3.9398,122
3.6497,135
3.5133,131
3.7958,126
3.9017,134
3.8567,124
3.8189,125
3.7495,131
3.3766,128
3.9885,127
3.5253,144
3.7488,122
3.9398,123
3.8875,132
3.7791,118
3.5437,145
3.8221,122
3.8500,121
3.8622,118
3.7862,125
3.5735,136
3.5719,137
3.7906,123
3.5774,129
3.9353,123
3.8794,118
3.4488,134
3.7443,126
3.7888,118
3.6269,140
3.7864,130
3.6937,138
3.6738,127
3.7125,131
3.3775,125
3.7204,113
3.5622,136
4.0014,124
3.7462,138
3.8249,120
3.6417,141
3.9716,120
3.6770,133
3.6967,129
3.6248,139
3.8400,124
3.5625,127
3.7970,127
3.5715,125
3.6541,128
3.7697,130
3.6231,134
3.6931,121
3.6055,133
3.7756,125
3.8164,127
3.5073,139
3.8332,137
3.8225,125
3.9468,125
4.0088,116
3.8879,129
3.8452,137
3.7671,139
3.5976,127
3.7895,120
3.8756,110
3.6564,133
3.9424,131
3.5068,132
3.6090,121
3.8555,115
3.8058,133
4.0233,114
3.8479,134
3.6760,117
3.8607,118
3.7030,139
3.5403,140
3.6517,135
3.8937,130
3.9796,120
3.7784,142
3.5553,136
3.8126,123
3.7273,137
3.9347,118
3.6598,123
3.6584,136
3.5921,142
3.4796,142
3.8648,129
3.6585,132
3.8472,119
3.6762,134
3.6522,137
3.5709,149
3.9476,123
3.9917,118
3.8172,126
3.6336,127
3.7017,145
3.8033,137
3.6826,132
3.7920,126
3.3707,142
3.7632,128
3.7125,132
3.6311,141
3.4467,130
3.5713,132
3.6041,124
3.7766,135
3.8433,125
3.8558,123
3.7012,135
3.6687,139
3.8906,114
3.8386,140
3.7435,131
3.5570,128
3.9568,117
3.6572,131
3.3855,148
3.7419,121
4.2934,114
3.7420,139
3.2792,132
3.5604,126
3.7569,115
3.9975,118
3.7283,134
3.9087,136
3.6282,139
3.4610,141
3.9860,118
3.8674,133
3.6433,132
3.4353,139
3.4392,139
3.5607,148
3.4614,133
3.9250,126
3.3983,144
4.1137,127
3.7613,116
3.6184,140
3.5175,140
3.7606,113
3.7310,136
3.3524,161
3.8735,131
3.9080,116
3.6471,133
3.4933,136
3.8986,134
3.8062,134
3.5417,143
3.7883,122
3.7184,139
3.6333,130
3.8303,121
3.4536,138
3.9937,134
3.7473,139
3.9513,108
3.8008,128
3.9989,129
3.9696,118
3.6678,126
3.4810,149
3.5541,118
4.1179,126
3.8556,120
3.6972,131
3.7192,142
3.6917,130
3.4180,142
3.6224,148
3.9187,122
3.7147,122
3.7363,136
3.6430,131
3.5793,147
3.4737,129
3.8310,134
3.6821,135
3.3883,134
3.7390,143
3.6450,130
3.7844,131
3.8697,128
3.6100,125
3.3187,148
3.5286,128
4.0416,114
3.7348,138
3.5579,145
3.5718,130
3.7762,119
3.7680,100
3.7621,119
3.7479,133
3.7010,148
3.7364,123
3.7931,104
3.6732,128
3.4633,137
3.6811,123
3.9393,112
3.8194,123
3.6582,142
3.9398,123
3.5613,133
3.7135,124
3.6172,147
3.6068,145
4.0072,117
3.8084,136
3.5841,135
3.5610,141
3.5389,126
3.5247,130
3.9515,125
3.6072,146
3.6521,144
3.8721,124
3.6974,137
3.6693,135
3.5309,132
3.9150,123
3.6535,132
4.1378,109
3.3870,156
3.5148,144
3.8529,121
3.6928,128
3.7095,131
3.5623,136
3.5242,145
3.6782,113
3.6742,133
3.4748,132
3.7034,128
3.6949,133
3.7057,144
3.7969,129
3.5970,137
3.7045,120
3.6609,131
3.5902,144
3.7324,133
3.5171,149
3.9641,122
3.6744,128
3.5933,140
3.7117,132
3.5749,127
3.8196,149
3.8066,129
3.9852,124
3.5369,128
3.3490,138
3.7937,135
3.7970,140
3.7072,125
3.8338,142
3.4264,149
3.5739,140
3.5814,143
3.4202,144
3.5707,128
3.6587,128
3.8327,129
3.6698,137
3.6869,129
3.7330,134
3.3865,135
3.4108,122
3.7505,129
3.3031,151
3.7411,125
3.6230,149
3.6944,136
3.7413,135
3.7452,140
3.5812,139
3.4436,139
3.4871,144
3.7456,137
3.9980,107
3.5957,130
3.6599,135
3.9175,71
