3.3306,185
3.1145,211
3.0437,223
3.1701,212
3.1386,207
3.1176,198
3.1814,203
3.2989,190
3.1627,210
3.1688,207
3.0644,197
3.2214,190
3.2613,178
3.1696,197
3.1295,198
3.2022,188
3.2394,181
3.5872,171
3.4431,171
3.3301,192
3.3620,179
3.1037,201
3.2156,202
3.1801,159
3.6399,177
3.2894,183
3.3184,190
3.2477,209
3.5341,169
3.3547,185
3.3031,197
3.4170,172
3.8847,155
3.4309,192
3.7105,176
3.3410,184
3.4615,191
3.7090,186
3.3472,194
3.3587,195
3.5334,200
3.5205,185
3.6225,159
3.4009,184
3.2489,188
3.6074,175
3.3823,190
3.2497,199
3.3135,183
3.6892,177
3.5707,175
3.4012,195
3.2826,197
3.1481,199
3.5418,182
3.6740,174
3.3578,178
3.5469,171
3.6085,181
3.4676,187
3.6967,176
3.4170,197
3.6244,171
3.5003,184
3.6617,174
3.5625,178
3.4668,198
3.4550,190
3.5784,183
3.7378,191
3.3937,196
3.5153,194
3.4728,193
3.5628,169
3.6318,184
3.4634,172
3.5989,191
3.3669,196
3.2096,200
3.6414,182
3.4401,186
3.7301,160
3.6699,188
3.3921,186
3.4397,205
3.6183,180
3.4347,201
3.4141,196
3.7852,175
3.4316,207
3.4169,199
3.5921,176
3.5509,191
3.2493,208
3.5327,195
3.3840,182
3.6934,184
3.5880,195
3.5526,195
3.5044,187
3.5808,193
3.5088,194
3.5936,190
3.4965,198
3.6082,182
3.4821,193
3.5385,192
3.6124,195
3.4949,206
3.6732,187
3.6068,190
3.4180,201
3.3627,197
3.4780,184
3.7083,172
3.4875,206
3.4976,191
3.6915,187
3.1689,213
3.3348,214
3.5578,200
3.5528,197
3.7814,179
3.6680,183
3.6483,180
3.4439,183
3.5801,187
3.5374,191
3.4431,196
3.6476,194
3.5255,188
3.5915,198
3.7633,186
3.5906,179
3.4856,202
3.7192,184
3.6133,195
3.1796,207
3.5920,179
3.4013,206
3.8575,188
3.5710,185
3.7090,192
3.7362,200
3.4542,219
3.4303,208
3.6081,198
3.5841,207
3.5927,179
3.6327,195
3.6641,188
3.6827,176
3.4336,188
3.5955,186
3.6152,178
3.7077,195
3.5778,186
3.8455,160
3.4432,219
3.7016,191
3.3493,200
3.1938,221
3.5035,208
3.2588,210
3.6078,198
3.5819,205
3.9409,188
3.5653,207
3.4033,208
3.4638,205
3.4952,197
3.6429,197
3.4405,210
3.5359,211
3.5801,195
3.4953,199
3.7510,182
3.5038,196
3.4697,200
3.7125,184
3.5288,186
3.7252,192
3.9076,183
3.5391,193
3.5535,191
3.3593,225
3.4301,198
3.6548,201
3.4924,191
3.6472,198
3.5502,201
3.7027,191
3.3979,206
3.5345,206
3.6490,193
3.5237,177
3.9881,183
3.6521,193
3.5946,197
3.9028,200
3.5814,204
3.6091,201
3.7784,186
3.6241,186
3.6942,195
3.3652,221
3.5235,191
3.8264,188
3.7624,175
3.7118,177
3.7162,208
3.3948,206
3.8830,193
3.4884,205
3.1825,211
3.5418,210
3.6697,201
3.6373,192
3.6118,201
3.6369,192
3.4989,215
3.4849,197
3.6160,204
3.7368,185
3.6625,185
3.6591,192
3.6304,203
3.4698,198
3.5203,177
3.6971,191
3.6942,184
3.4981,187
3.5764,189
3.6271,190
3.3993,209
3.6967,190
3.5737,194
3.5344,203
3.6932,174
3.4788,209
3.5133,202
3.5000,202
3.4256,220
3.5918,193
3.6759,187
3.7786,189
3.4403,215
3.7484,177
3.6030,199
3.4735,216
3.6279,193
3.6782,185
3.5195,188
3.9110,192
3.3702,232
3.8524,198
3.8170,185
3.5534,200
3.3789,203
3.5564,195
3.9687,185
3.7123,198
3.7607,193
3.4572,195
3.6870,206
3.8106,177
3.6742,211
3.4938,201
3.7502,182
3.5553,193
4.0647,170
3.5105,201
3.7763,190
3.3302,215
3.5167,195
3.6765,200
3.7856,174
3.6274,185
3.5467,195
3.4851,198
3.6321,186
3.8811,202
3.4690,214
3.6733,177
3.6581,211
3.5502,201
3.6184,214
3.6330,197
3.7451,194
3.7557,191
3.7047,195
3.6482,168
3.4683,207
3.5286,192
3.5323,205
3.4011,211
3.8139,177
3.4475,211
3.5822,203
3.6723,194
3.5304,220
3.5696,205
3.4268,198
3.5046,201
3.6279,192
3.3154,206
3.7944,179
3.6552,207
3.6487,198
3.5591,193
3.6961,207
3.4553,183
3.7463,206
3.6811,201
3.5869,192
3.8333,188
3.4571,204
3.5810,203
3.8090,194
3.8913,193
3.4743,207
3.6836,198
3.6863,193
3.7819,186
3.3726,193
3.3182,211
3.5210,205
3.6013,193
3.6020,204
3.4848,208
3.9133,197
3.4488,208
3.6055,202
3.5161,197
3.4614,200
3.6703,193
3.6335,204
3.6341,207
3.7393,186
3.4239,207
3.4905,208
3.4980,194
3.5313,200
3.5951,211
3.6012,192
3.7325,202
3.4841,202
3.7082,207
3.7586,189
3.5043,210
3.6862,207
3.4946,206
3.3490,222
3.5490,205
3.6514,189
3.6004,179
3.6083,177
3.8723,188
3.6729,195
3.7249,196
3.7141,190
3.6768,183
3.7226,189
3.9163,176
3.4555,202
3.5910,194
3.6003,201
3.6794,188
3.6099,202
3.5979,195
3.5620,206
3.8373,192
3.3303,200
3.6558,204
3.3591,195
3.5497,199
3.6233,204
3.7570,204
3.8128,186
3.4852,201
3.5808,209
3.7851,190
3.6005,191
3.8000,188
3.6455,192
3.4775,222
3.5097,194
3.6256,199
3.3604,201
3.5445,198
3.4136,217
3.3273,211
3.5356,204
3.5025,210
3.5491,195
3.3329,211
3.8301,171
3.6243,202
3.4013,207
3.3694,216
3.4003,218
3.6746,213
3.7312,187
3.3138,221
3.5080,195
3.6097,194
3.4696,207
3.7530,190
3.7612,192
3.5186,204
3.2968,218
3.6451,192
3.5578,199
3.7625,216
3.3105,230
3.2839,216
3.5720,209
3.3576,223
3.7381,202
3.6810,193
3.5735,217
3.2816,206
3.6366,191
3.4001,216
3.5990,187
3.8336,194
3.4952,200
3.5980,200
3.7526,201
3.2652,239
3.7056,200
3.6447,207
3.3055,203
3.6218,190
3.6452,205
3.5988,192
3.5495,210
3.4940,189
3.6032,184
3.4814,186
3.6485,203
3.1825,218
3.4476,199
3.6648,186
3.6512,205
3.3941,220
3.8847,191
3.3657,214
3.6654,191
3.7330,189
3.4962,204
3.5547,208
3.4502,215
3.4689,182
3.4756,216
3.4528,205
3.3384,217
3.3957,192
3.6056,197
3.8401,203
3.4977,204
3.7693,195
3.7377,206
3.3212,218
3.5548,194
3.6476,197
3.6117,193
3.4726,213
3.5386,218
3.5590,219
3.6906,198
3.3834,190
3.4203,213
3.5403,208
3.6044,187
3.5375,209
3.4592,198
3.4334,218
3.4990,216
3.7065,213
3.5750,193
3.7684,190
3.3783,200
3.5731,204
3.4438,211
3.2568,222
3.6245,211
3.4941,198
3.7723,190
3.8495,193
3.6383,186
3.4436,196
3.4716,219
3.6078,202
3.5305,206
3.8371,191
3.4689,200
3.7231,170
3.3724,209
3.3009,221
3.7036,198
3.6770,188
3.5826,207
3.5085,190
3.6925,221
3.5076,199
3.5336,208
3.5978,183
3.2763,219
3.5661,216
3.7876,203
3.6724,188
3.3269,217
3.5110,203
3.4277,206
3.3381,213
3.3818,204
3.8917,199
3.4980,212
3.5168,200
3.5761,201
3.5177,203
3.2535,221
3.6195,204
3.6537,207
3.5049,209
3.8755,212
3.4160,196
3.6895,195
3.3623,214
3.4184,225
3.4082,206
3.7587,216
3.2762,221
3.7249,185
3.3821,215
3.7202,190
3.4108,194
3.3599,219
3.4114,207
3.5214,210
3.3461,220
3.2111,214
3.3400,212
3.5336,220
3.9665,185
3.3910,227
3.5902,205
3.4680,209
3.4444,209
3.6033,211
3.4354,212
3.4814,210
3.7525,196
3.5880,200
3.4605,196
3.6542,206
3.2548,216
3.3662,208
3.5768,188
3.3319,224
3.3050,211
3.5126,186
3.5693,181
3.4604,219
3.6117,216
3.3948,205
3.6238,200
3.6539,213
3.3443,206
3.8028,205
3.2673,227
3.2778,211
3.4663,208
3.6748,192
3.5599,198
3.5229,189
3.3441,200
3.3475,222
3.6691,192
3.5450,189
3.2021,216
3.4558,209
3.6513,212
3.5166,213
3.4692,213
3.5207,197
3.5177,209
3.6572,209
3.3883,208
3.4821,196
3.7554,180
3.6717,195
3.6439,206
3.1975,226
3.2834,237
3.4571,205
3.5140,204
3.5601,209
3.6949,200
3.5308,209
3.6431,185
3.6539,210
3.4208,227
3.7146,185
3.3839,203
3.4985,195
3.4365,221
3.2883,208
3.5396,203
3.2349,225
3.0673,226
3.5075,201
3.2632,230
3.2184,233
3.7649,180
3.3724,205
3.2747,210
3.1418,233
3.1650,210
3.3515,211
3.5609,206
3.3969,212
3.4848,218
3.1316,228
3.4903,202
3.5430,201
3.7265,199
3.4476,213
3.4601,198
3.2692,223
3.4707,209
3.4237,201
3.3744,204
3.6402,193
3.3164,211
3.1800,208
3.6337,208
3.5575,215
3.3886,202
3.5118,196
3.6293,200
3.5815,222
3.4618,204
3.6456,188
3.6797,194
3.6173,199
3.2581,216
3.5545,191
3.5862,185
3.6998,192
3.5165,185
3.2898,225
3.4093,205
3.4902,207
3.4728,203
3.1228,230
3.4077,207
3.2965,218
3.2235,237
3.2438,213
3.2041,212
3.3707,215
3.3846,198
3.3030,213
3.6375,209
3.3854,225
3.4958,207
3.6679,208
3.5379,215
3.5050,220
3.5865,200
3.3749,225
3.6263,206
3.5270,208
3.7906,187
3.4856,195
3.5678,219
3.3345,203
3.5505,224
3.3746,210
3.6117,207
3.3977,207
3.6528,213
3.2437,204
3.3459,224
3.2089,234
3.5677,207
3.5117,195
3.2297,193
3.3134,211
3.2249,218
3.2522,215
3.7065,182
3.4876,207
3.5707,209
3.4197,198
3.4567,208
3.5160,213
3.3342,214
3.1107,227
3.4224,211
3.2640,227
3.2098,223
3.3416,217
3.4470,206
3.3615,204
3.5138,210
3.7034,193
3.1753,217
3.1634,223
3.3242,219
3.3974,195
3.4208,200
3.5282,200
3.5853,218
3.3610,191
3.4201,209
3.7496,198
3.1837,217
3.1956,210
3.3871,223
3.5004,200
3.2113,216
3.1862,216
3.5728,204
3.3271,219
3.5039,204
3.3634,215
3.5577,203
3.5004,201
3.3018,228
3.6356,215
3.3500,192
3.2864,227
3.3106,205
3.2177,220
3.2140,212
3.1994,221
3.4162,203
3.1762,215
3.5296,202
3.3951,204
3.4779,205
3.5811,192
3.3803,209
3.3565,218
3.4418,198
3.3333,208
3.4378,202
3.6691,195
3.4463,210
3.5403,217
3.2428,216
3.8153,189
3.4341,210
3.2669,216
3.1950,207
3.3367,213
3.3809,220
3.4010,198
3.5294,210
3.2719,206
3.0813,223
3.3781,212
3.5194,199
3.2976,213
3.3809,213
3.5973,207
3.3558,213
3.1458,225
3.5842,204
3.1444,240
3.2669,212
3.1247,220
3.2310,218
3.5485,207
3.2704,228
3.4127,201
3.4351,202
3.3949,219
3.3257,211
3.4453,221
3.1415,233
3.6742,211
3.6699,199
3.3081,217
3.6196,206
3.5139,196
3.6138,202
3.3828,210
3.3181,196
3.3557,208
3.4067,201
3.6350,202
3.3462,213
3.6140,195
3.3375,217
3.4349,203
3.5331,215
3.1117,221
3.3915,209
3.4488,224
3.2044,222
3.2072,224
3.2742,217
3.0257,223
3.2550,229
3.2072,219
3.4493,199
3.3830,221
3.4267,214
3.1319,222
3.3078,203
3.5624,204
3.2572,223
3.3178,216
3.2807,223
3.6045,196
3.6171,190
3.1554,222
3.2662,206
3.2302,212
3.5654,210
3.0570,229
3.2416,205
3.1163,233
3.3666,207
3.1367,231
3.5294,198
3.4133,191
3.5473,203
3.4257,206
3.1351,221
3.1492,216
3.4280,193
3.2711,223
3.1981,218
3.3775,230
3.2604,230
3.7305,185
3.1958,232
3.1203,200
3.4517,208
3.6289,202
3.3381,221
3.2967,198
3.4989,213
3.3282,196
3.5229,201
3.4226,200
3.4430,199
3.3784,205
3.4864,204
3.3323,216
3.1720,211
3.2984,220
3.4134,208
3.2195,216
3.1531,205
3.2487,224
3.0076,219
3.0525,222
3.0541,213
3.4347,203
3.3061,204
3.5674,202
3.3216,221
3.1534,216
2.9874,236
3.1850,227
3.4041,203
3.5470,214
3.2480,203
3.3477,197
3.3504,216
3.2974,220
3.0035,222
3.2552,205
3.1461,221
3.2246,211
3.4407,202
3.3158,222
3.2339,209
3.3323,242
3.2217,229
3.4038,213
3.4060,226
3.2202,240
3.4555,213
2.9754,255
3.5075,204
3.3422,206
3.5315,205
2.9985,223
3.5614,211
3.2150,237
3.6633,189
3.4274,206
3.2943,213
3.3812,218
3.4539,192
3.1713,215
3.2027,192
3.2383,205
3.0397,225
3.4385,204
3.2112,230
3.3333,205
3.2541,225
3.0547,232
3.4292,193
3.4252,209
2.8603,229
3.3153,237
3.2551,207
3.1469,224
3.2445,219
3.2985,208
3.3405,211
3.5941,198
3.2976,217
3.4015,201
3.4493,204
3.1512,219
3.5141,208
3.2114,224
2.9894,217
3.4941,206
3.5480,214
3.2883,209
3.0497,221
3.2924,218
2.9894,221
3.5903,208
3.6187,218
3.4198,189
3.4830,205
3.4327,203
3.2440,215
3.4296,210
3.3847,191
3.2908,195
3.1575,219
3.2790,203
3.2398,218
3.2135,230
3.2794,201
3.3473,213
3.2870,212
3.1924,218
3.3221,217
3.2398,204
3.1122,219
3.3087,225
3.4494,203
3.4044,215
3.4227,202
3.2875,211
3.6508,198
3.2122,204
3.0343,225
3.3613,217
3.1523,223
3.5286,215
3.0847,212
3.5791,201
3.1754,219
3.3861,209
3.4105,212
3.4219,197
3.4483,202
3.3590,227
3.0300,215
3.1550,224
3.4446,192
3.4003,209
3.3197,212
3.0747,227
3.0771,218
3.2091,226
3.5232,205
3.0780,253
3.2987,209
3.3803,201
3.3635,198
3.3397,218
3.1161,218
3.2373,203
3.5131,215
3.0191,234
3.4406,219
3.5507,212
3.5972,199
3.4199,232
3.2522,213
3.2671,207
3.2071,223
3.4519,193
3.0786,218
3.3175,213
3.2842,203
2.9555,230
3.5540,201
3.3609,212
3.0956,225
3.2898,212
3.4243,206
3.3015,212
3.0851,223
2.9625,229
3.2802,211
2.9441,233
3.5506,200
3.2342,206
3.2631,221
3.2972,228
3.3177,225
3.2507,211
3.2578,205
3.1859,222
3.0422,218
3.0614,218
3.4013,221
3.2513,231
3.1737,231
3.1985,224
3.2451,211
3.2894,213
3.4471,215
3.3027,225
3.2225,209
3.2602,212
3.1821,206
2.8801,224
3.0817,226
3.3206,207
3.1375,218
3.4467,211
3.0622,216
3.1133,229
2.9381,231
3.3152,204
3.3756,196
2.9411,225
2.9805,228
3.1998,234
3.0061,230
3.1254,231
3.1208,241
3.1558,223
3.2892,225
3.3886,217
3.2615,218
3.1491,235
3.0880,224
3.1546,212
3.0057,222
3.1415,215
3.1192,215
3.2728,215
3.0405,212
2.8769,232
3.2591,219
2.9694,248
3.2135,209
3.3149,238
3.1852,221
3.0054,247
3.1570,218
3.0732,220
3.2206,216
2.9821,230
2.9649,233
3.2877,220
3.0658,221
3.2557,218
3.2517,226
2.8638,230
3.1881,219
3.3520,213
3.2372,220
2.9584,231
2.8242,225
3.2417,212
3.4558,200
3.1944,211
3.3209,217
3.2313,213
3.0533,220
3.2337,213
3.2899,221
2.9829,238
3.2364,208
3.1555,219
3.2842,226
2.9490,240
3.2365,213
3.1987,220
3.4936,206
3.3153,219
3.1208,207
3.4753,214
3.1589,205
3.3449,203
3.4581,215
3.2094,230
3.2601,214
3.1712,222
3.3808,217
3.0802,221
3.0721,221
3.0086,215
3.0894,240
3.0754,207
3.2760,214
3.2278,226
3.2003,214
3.0925,214
3.1102,199
3.1553,228
3.2953,207
3.1665,223
3.0507,230
2.9595,224
3.4294,222
3.0727,217
2.9606,228
3.0711,238
2.9523,238
3.1879,223
3.1820,217
3.2859,237
3.3124,212
3.1110,225
2.7893,229
3.1302,225
2.9458,221
3.0565,242
2.9922,248
3.0263,231
3.0075,213
3.3251,209
2.7525,254
3.2473,220
3.2353,223
3.2331,216
3.0205,222
3.1808,195
2.9409,219
3.0217,225
3.3438,215
3.6452,216
3.1514,223
2.9653,231
3.2330,220
3.2260,211
3.2894,211
3.0583,221
3.1161,228
3.3056,211
3.1692,225
3.1138,224
2.9526,225
2.9159,244
2.9898,228
3.2196,215
3.2890,205
3.1424,222
2.8392,230
3.0952,237
3.2579,209
3.0564,240
2.9034,223
3.1903,230
3.0762,221
3.1131,217
2.9199,251
3.0335,218
3.0034,229
3.0434,223
3.2603,221
3.0857,225
3.0149,233
3.1723,204
3.0379,224
3.0375,239
3.2144,212
3.3732,220
3.2578,210
2.9972,221
2.9959,213
3.0656,214
3.2933,209
3.0250,215
3.0662,214
2.8683,257
3.1371,223
3.2289,220
2.9301,221
3.0159,225
2.9688,247
3.1229,229
3.2180,224
3.1289,201
3.1341,223
3.1413,232
2.9713,241
3.1034,233
3.1182,215
2.9906,226
3.0471,230
3.1583,232
2.9811,236
3.2054,213
3.1375,234
3.0735,239
3.2494,221
2.8146,228
3.0585,248
3.0758,219
3.0561,222
3.0855,218
3.0260,225
3.3333,212
3.1085,217
3.1148,224
3.2915,212
3.1955,233
3.1457,217
3.1265,240
2.9288,244
3.4229,203
3.1271,223
2.9902,230
3.3926,212
3.2003,228
3.0658,244
2.8372,223
3.4201,211
3.0535,220
3.2322,208
3.1477,228
3.0181,229
2.9072,233
3.2278,241
3.2590,222
3.1163,230
3.1989,212
3.0485,222
3.0149,227
3.3775,213
2.8937,237
3.0618,224
3.1790,220
3.1149,220
2.9930,239
3.0607,222
3.1732,229
3.0890,234
3.1564,206
2.8901,217
3.4642,213
3.1575,216
3.0048,227
3.0968,224
3.0615,243
3.2657,203
3.1777,215
3.3832,207
3.1423,213
3.0461,221
3.0824,240
3.0984,230
2.9992,226
2.8791,222
3.0751,216
3.1682,214
3.1160,209
3.3423,212
3.0644,227
2.9305,242
3.1559,207
3.1059,215
2.9087,233
3.0762,224
3.1225,206
3.1274,215
2.9189,231
2.8593,237
3.1433,224
3.3801,210
3.1141,231
2.9057,214
3.1122,235
2.9224,230
3.2130,213
3.1669,226
2.9298,222
2.8267,241
2.9004,236
3.0395,212
3.1270,233
2.7969,243
3.1461,220
2.8781,231
3.2556,213
2.8647,231
3.1124,196
3.2617,233
3.0031,241
3.0802,215
3.4017,229
2.8899,215
3.3195,210
3.1676,209
3.0350,224
3.0510,221
2.8192,225
3.0691,230
3.0632,224
3.0082,219
3.0805,244
3.2565,218
3.0836,229
3.3510,218
2.7392,237
2.8925,223
3.1789,217
3.1394,225
3.0004,219
2.7185,247
2.8675,241
3.3220,208
3.1215,232
2.9692,238
2.8591,242
3.0522,246
2.8377,230
3.0373,218
3.1364,224
2.9338,241
3.1188,224
2.9034,235
3.2488,232
2.9006,218
2.8037,231
3.0792,231
2.9157,242
2.9964,222
3.2201,204
3.0991,217
2.8299,232
3.0622,223
3.2682,219
3.1309,223
3.1122,226
3.0577,227
3.0742,230
3.0382,224
3.0671,231
2.9136,246
2.9890,236
3.0578,236
3.0461,240
2.9744,220
2.9068,210
3.2281,215
2.9915,223
3.2887,226
3.1466,218
3.2208,208
3.1688,226
3.0406,233
3.2687,220
3.0263,227
3.1582,223
2.8365,233
2.9517,224
3.2174,219
2.7031,224
3.1696,219
2.8470,224
2.9232,233
2.9716,245
2.7478,234
3.0114,232
3.2964,220
2.8827,232
2.7779,240
2.9715,220
3.3990,208
2.9560,215
3.0094,229
3.0646,214
3.0557,221
2.8048,235
3.0717,220
2.8314,241
2.9251,237
3.1584,220
3.1426,209
2.9983,235
2.7539,248
2.8038,245
2.7443,257
3.1901,227
2.9665,232
2.8906,237
2.9356,232
3.0953,225
2.9273,220
2.8809,230
2.9970,220
2.8663,233
3.0566,215
2.8465,232
3.1357,225
3.1782,219
2.8556,233
3.1888,219
2.7942,243
2.8936,224
3.1998,226
3.0054,223
3.1062,237
3.0276,212
2.9738,224
3.1473,240
3.2643,217
3.0586,232
3.0050,233
3.0446,230
2.8238,244
3.1731,229
3.1450,219
2.9239,242
2.7895,224
2.7381,239
2.9541,223
2.8984,244
2.7164,260
2.8630,233
2.5983,245
2.8649,231
3.0529,215
2.9082,224
3.0385,221
2.8114,239
3.0133,228
2.8670,222
3.0197,231
2.7893,237
2.7759,242
3.0367,248
2.9164,231
3.0555,225
2.9588,236
2.9642,229
3.2441,213
2.8686,219
2.8248,234
2.9998,227
2.8693,238
2.9012,240
2.9454,236
2.8523,235
3.0840,213
3.0668,239
2.8557,229
2.9743,232
3.0342,220
3.0977,244
2.8329,241
2.9078,234
2.8944,243
2.7617,235
2.8381,243
2.9849,224
3.0384,225
2.8815,234
2.9687,241
2.9051,233
3.0363,213
3.2997,207
2.7453,235
2.8524,241
2.8570,229
2.9769,242
2.9924,249
2.9270,230
2.9468,246
3.4286,219
2.7669,239
3.1010,216
2.8381,239
3.0104,225
2.8214,242
2.8748,242
2.8323,247
2.7887,240
2.8639,237
3.1212,217
2.8905,238
2.8552,220
2.9320,231
2.9448,254
2.9759,221
3.0823,222
2.7471,252
3.0344,230
3.0956,222
2.8694,239
3.2097,227
2.8676,244
3.0875,239
3.0345,236
2.9844,235
2.7497,229
2.7724,233
2.7014,232
3.0866,219
2.7384,244
3.1559,223
2.8103,242
2.7759,240
2.8630,219
2.8389,241
3.0102,211
2.9811,226
3.0207,222
2.6081,240
2.8558,228
2.9036,231
2.8793,241
2.8582,228
2.9627,248
2.9491,228
2.7783,240
2.8780,241
2.9481,246
3.1324,229
2.9288,234
2.9229,233
2.8650,234
3.1082,232
2.8761,230
3.0238,247
3.0205,230
2.6356,250
2.9491,230
3.0950,229
2.9613,227
2.8485,222
3.0022,238
2.8464,231
3.2912,219
3.1098,227
3.0385,210
2.9192,235
3.0977,223
2.9403,218
2.6626,249
2.8659,251
2.8829,236
2.8258,232
2.9119,239
2.7619,235
2.8655,236
2.9524,226
2.8037,243
2.8179,231
2.9226,230
2.9405,237
2.7870,231
3.0120,231
2.5268,253
2.9319,229
2.8233,235
2.8905,248
3.0176,227
3.1385,225
3.0340,209
2.7544,255
2.9036,240
3.0369,218
2.9680,231
2.7889,221
2.9077,230
3.1270,219
2.9755,213
2.8946,211
2.6956,232
2.6343,236
2.9017,237
2.7680,233
2.9566,222
2.8680,216
2.6852,245
2.8425,246
2.9930,227
2.9335,228
2.9665,233
2.7409,238
2.7603,246
2.9611,222
2.8235,237
2.5263,259
2.7871,251
2.9356,217
3.0041,240
3.0023,215
2.8978,226
2.7444,248
2.9266,242
2.5918,255
2.8249,217
2.8879,246
2.9393,240
2.7631,236
2.7099,251
3.2330,213
2.9331,234
2.5784,258
2.6695,235
2.6849,251
2.8122,229
3.2574,233
3.0401,238
2.8395,232
2.9702,220
2.7654,217
2.7326,242
2.8711,222
2.9379,241
2.7254,258
2.6686,229
2.9006,238
2.9230,223
2.8725,250
2.7284,240
2.8044,241
2.9940,228
2.9147,232
2.9504,234
2.8407,241
2.7238,240
3.0171,224
3.1005,197
2.8150,231
2.9718,247
2.9812,219
2.9221,255
2.7118,233
2.9455,217
2.8371,233
3.0253,225
2.7973,234
3.0093,218
3.0057,207
2.9853,228
2.8807,215
3.0814,223
2.7541,242
2.7828,247
2.9388,240
3.1355,220
2.5201,236
2.8021,236
2.7333,237
2.7006,248
2.6767,273
2.8451,243
3.0161,222
2.6690,243
3.0394,221
2.8276,243
3.0911,216
2.9608,220
2.9332,219
3.1094,228
2.8688,245
2.7644,235
2.7405,227
2.5870,244
2.6018,244
2.5328,238
2.9355,222
2.7829,237
2.7345,232
2.7199,241
2.8164,249
2.7817,228
3.0412,226
2.9449,235
2.9096,217
2.8649,252
2.8093,243
3.0049,215
2.8792,216
2.7182,240
2.9679,242
2.7321,250
2.7566,244
2.8612,243
2.6837,244
2.8499,238
2.5804,248
2.6895,253
2.8942,256
2.7323,242
2.9811,225
2.7813,246
2.9541,251
2.8338,229
2.7841,252
2.5545,246
2.8951,211
2.9031,214
2.6378,250
2.6074,244
3.0356,220
3.0681,221
2.7867,239
2.9431,242
2.8364,241
2.9607,236
2.8944,245
2.6306,250
2.6504,243
2.7866,232
3.0836,235
2.8219,243
3.0696,226
2.8317,234
2.8941,236
2.8044,242
2.7227,240
2.8892,228
3.0146,231
2.7503,242
2.7595,230
2.6903,237
2.6521,256
3.1120,226
2.6279,249
2.9376,223
2.9569,230
2.6763,244
2.9251,207
3.0354,238
2.8098,234
3.0058,233
3.0767,226
3.1253,224
2.9997,228
2.8048,250
2.8894,236
2.8745,230
2.6498,246
2.5413,232
2.7505,241
2.8352,232
2.9782,224
3.0733,225
2.8798,235
2.8458,237
2.8431,231
3.1855,225
2.6875,249
2.6914,237
3.1068,211
2.9249,243
2.8679,237
2.8180,240
3.1609,221
2.8236,247
2.9416,225
2.4889,249
2.8668,219
2.8122,240
2.6326,250
2.6719,264
2.7974,239
2.7307,242
2.8022,231
2.7286,231
2.8519,213
2.8057,233
2.8421,246
3.0228,226
3.0185,224
2.8044,248
2.8635,235
2.9937,227
2.5414,257
2.7967,228
2.7851,240
2.7036,236
2.7104,262
2.8247,230
2.9069,217
2.6668,241
2.7932,222
2.5072,242
2.8538,233
2.9216,231
2.6692,234
3.1273,228
2.7654,251
2.8039,243
2.8677,226
3.0403,219
2.7792,233
2.7245,222
2.7313,227
2.7606,245
2.8309,242
2.9338,229
2.6265,246
2.7597,233
2.5113,266
2.9423,227
2.7498,250
2.6406,234
2.7902,231
2.6949,215
2.6934,249
2.7191,244
2.8684,246
2.8573,235
2.7794,238
2.6600,245
2.7660,232
2.8157,231
2.8043,232
2.7118,229
2.8036,229
2.7450,237
2.5628,241
2.8454,226
2.6344,237
2.7341,263
2.5745,246
2.6227,241
2.9021,233
2.5648,260
2.9725,234
2.5913,254
2.5825,240
2.7337,246
2.7056,235
2.6917,236
2.7305,245
2.8020,228
2.7082,244
2.8291,225
2.7034,242
2.6934,216
2.7866,263
3.0852,231
2.8125,239
2.9037,227
2.9211,218
2.8074,234
2.6272,233
2.5447,233
2.5462,252
2.7939,252
2.7165,239
2.8072,238
3.0593,220
2.7464,257
2.7009,237
2.9025,220
2.8114,249
2.8104,240
2.7593,226
2.8054,248
2.7346,243
2.8110,230
2.8505,227
2.8806,233
2.6095,248
2.7352,237
2.6428,242
2.6016,248
2.8072,235
2.8068,233
2.8577,238
2.9518,236
2.9569,230
3.0669,224
2.8307,229
2.6352,246
2.8234,242
2.6032,256
2.5416,281
2.4334,262
2.5517,244
2.6592,251
2.9885,236
2.6486,252
2.6084,249
2.6555,254
2.7701,240
2.8748,240
2.6535,235
2.8286,241
2.8574,232
2.7411,224
2.8130,237
2.8981,224
2.6992,246
2.8534,225
2.7788,233
2.7733,223
2.7479,224
2.7684,247
2.8647,232
2.5794,252
3.0285,230
2.6108,231
2.8663,252
2.7878,242
2.6438,244
2.7153,266
2.4645,250
2.8138,249
2.7838,251
2.9045,208
2.6322,260
2.4943,269
2.9619,231
2.6213,245
2.8034,238
2.7928,250
2.6479,238
2.8997,237
2.8788,224
2.7228,232
2.8608,225
2.4615,243
3.1023,215
2.7031,241
2.5947,245
2.8192,222
2.7262,238
2.6298,257
2.6742,249
2.6559,243
3.0244,234
2.6394,242
2.5360,233
2.7141,238
2.8562,238
2.8317,218
2.8484,238
2.7446,227
3.0504,211
2.6159,239
2.7713,240
2.7950,240
2.7194,243
2.7910,249
2.5902,253
2.7975,231
2.7411,249
2.7607,238
2.7554,251
2.7388,237
2.4269,245
2.6892,246
2.6897,249
2.8707,232
2.8477,229
2.8326,242
2.9913,208
2.7627,231
2.6775,250
2.4463,262
2.6693,244
2.8270,224
2.7893,232
2.7029,230
2.7672,234
2.9475,241
2.6147,244
2.6318,250
2.6281,237
2.4452,272
2.7433,258
2.8618,219
2.6913,236
2.7782,228
2.8512,245
2.6607,240
2.7571,252
2.6678,241
2.8872,227
2.6565,245
2.8869,242
2.4743,264
2.6977,254
2.9830,224
2.8110,226
2.7491,225
2.7913,248
2.7673,235
2.5072,257
2.7516,228
2.6732,241
2.7132,240
2.5900,261
2.6789,246
2.5525,260
2.7741,255
2.6122,254
2.6769,248
2.8694,246
2.4784,250
2.9418,209
2.7843,231
2.7575,228
2.8627,229
2.6279,237
2.8788,237
2.5935,255
2.7472,229
2.7192,244
2.9374,230
2.8062,242
2.6965,247
2.5248,258
2.6969,240
2.7432,238
2.7287,245
2.9077,236
2.7837,250
2.5509,259
2.6458,255
2.6347,245
2.5953,245
2.5545,256
2.7286,245
2.7529,242
2.5764,245
2.8176,248
2.7714,234
2.6413,238
2.7274,248
2.5085,243
2.6571,244
2.6110,254
2.7670,225
2.7738,231
2.6629,243
2.5521,244
2.4960,245
2.6587,256
2.5777,256
2.5949,237
2.7793,228
2.7861,248
2.6680,245
2.5225,269
2.7825,234
2.6908,248
2.6209,238
2.6499,250
2.6778,244
2.6547,250
2.8605,230
2.8962,241
2.5901,245
2.5515,232
2.7374,224
2.6643,237
2.6147,253
2.8952,220
2.5277,245
2.7168,253
2.8535,219
2.7811,249
2.8915,234
2.5151,258
2.7557,242
2.7258,237
2.5520,242
2.9737,236
2.6116,239
2.6359,235
2.5268,254
2.6581,246
2.7319,234
2.7256,254
2.5781,247
2.5421,250
2.8631,243
2.6067,250
3.0036,252
2.8705,242
2.7657,246
2.6091,256
2.7977,242
2.8351,231
2.5433,262
2.6907,248
2.7322,230
2.7125,244
2.7221,250
2.7711,251
2.6756,260
2.6966,246
2.6562,239
2.7934,240
2.4550,259
2.6297,242
2.4537,250
2.4214,263
2.9213,217
2.4399,261
2.7206,233
2.6465,243
3.1601,229
2.5405,253
2.8200,236
2.6589,257
2.8086,238
2.7424,241
2.5528,236
2.7764,256
2.8580,242
2.5674,252
2.6379,218
2.6031,245
2.8518,230
2.7151,249
2.6256,235
2.7736,243
2.7447,233
2.7243,242
2.6018,233
2.5951,241
2.5525,226
2.5270,248
2.8980,227
2.4042,250
2.8321,237
2.4938,264
2.6886,236
2.6059,249
2.8210,239
2.5112,253
2.5198,264
2.5124,260
2.7502,257
2.7098,242
2.5113,256
2.5795,240
2.8966,234
2.5098,248
2.8873,234
3.0087,219
2.5900,254
2.4938,260
2.6485,245
2.9329,225
2.6210,242
2.6853,220
2.8644,232
2.5872,260
2.5546,245
2.7513,237
2.7456,242
2.6585,248
2.6435,246
2.5853,248
2.4600,263
2.6368,235
2.5697,263
2.5345,253
2.4923,256
2.7099,255
2.5482,250
2.9022,248
2.7288,244
2.6518,247
2.8241,239
2.5638,237
2.5304,258
2.4852,253
2.5648,250
2.6374,260
2.5427,243
2.8264,230
2.4339,258
2.6891,247
2.6865,238
2.6903,249
2.6620,249
2.6715,257
2.6532,250
2.5119,264
2.6992,234
2.6057,246
2.5855,255
2.6666,250
2.6031,250
2.5842,258
2.4670,268
2.4318,248
2.7870,236
2.6585,231
2.8928,232
2.8760,243
2.2573,268
2.4441,244
2.6375,250
2.8007,247
2.3240,266
2.6179,246
2.4949,237
2.4088,252
2.5518,247
2.5251,247
2.7571,251
2.6351,248
2.5160,258
2.7946,223
2.6203,239
2.4340,255
2.7025,248
2.5835,249
2.5825,272
2.7830,244
2.6241,240
2.5378,242
2.6392,244
2.7696,230
2.5940,253
2.7926,220
2.5669,251
2.5124,253
2.6198,263
2.7421,241
2.7970,227
2.5920,249
2.7218,240
2.7933,249
2.7287,238
2.5057,269
2.8661,241
2.7760,245
2.3896,267
2.4548,260
2.7386,230
2.9316,225
2.6712,237
2.5889,254
2.7010,250
2.4632,264
2.5312,246
2.4402,260
2.4517,258
2.7058,251
2.4913,250
2.6438,272
2.6789,243
2.5034,241
2.7801,243
2.7364,240
2.8703,224
2.6122,254
2.6742,248
2.5852,255
2.6582,244
2.5470,254
2.7064,260
2.7167,248
2.4770,250
2.7072,234
2.8017,238
2.5011,257
2.8580,240
2.6280,235
2.5972,260
2.6415,252
2.6687,256
2.4733,256
2.6603,244
2.7120,243
2.4949,260
2.6704,244
2.6707,250
2.4444,271
2.6500,240
2.6357,237
2.4578,260
2.6716,248
2.6354,243
2.6165,257
2.4161,266
2.6959,238
2.4984,251
2.6189,250
2.6454,240
2.6327,246
2.7742,252
2.6703,253
2.6765,237
2.3949,266
2.6793,240
2.5561,240
2.5002,248
2.6863,245
2.6005,258
2.5756,255
2.7043,260
2.5267,251
2.6175,264
2.5813,253
2.7531,239
2.4562,271
2.7037,242
2.5881,240
2.6050,257
2.6641,236
2.6501,248
2.5802,256
2.7830,240
2.7828,239
2.8975,241
2.6252,260
2.6337,246
2.5258,247
2.5543,250
2.5911,241
2.6108,253
2.3986,248
2.4749,248
2.8548,245
2.5978,253
2.5428,257
2.5369,258
2.4047,251
2.6418,239
2.7872,237
2.7612,247
2.5472,230
2.4294,261
2.4096,265
2.7941,242
2.8074,240
2.8057,242
2.6640,248
2.8272,242
2.6541,244
2.6524,236
2.4987,265
2.4468,257
2.7216,230
2.5844,246
2.7175,255
2.4092,248
2.5582,256
2.5499,248
2.6187,236
2.6038,239
2.5906,243
2.5020,254
2.5361,265
2.5110,240
2.4533,261
2.3655,276
2.6097,262
2.7643,238
2.6260,248
2.4719,276
2.3024,267
2.8047,236
2.4992,265
2.6407,262
2.5094,254
2.5622,254
2.6968,250
2.6375,239
2.5801,235
2.7636,233
2.6883,244
2.5726,259
2.5267,263
2.6365,243
2.8279,242
2.6834,243
2.3470,269
2.4949,257
2.8189,247
2.5957,254
2.7834,235
2.6376,274
2.3690,261
2.4770,251
2.5553,248
2.5518,244
2.6395,238
2.5810,240
2.5039,249
2.5107,253
2.6397,242
2.6315,250
2.2408,263
2.4300,240
2.6852,248
2.5116,260
2.5483,262
2.7040,237
2.4404,263
2.6603,246
2.5256,256
2.5531,255
2.5889,226
2.7785,257
2.6462,248
2.7614,233
2.6425,266
2.5415,243
2.6863,250
2.7313,238
2.6270,237
2.6722,234
2.6383,240
2.6473,242
2.6391,249
2.5463,253
2.4678,266
2.5576,259
2.4453,266
2.2397,274
2.5237,246
2.6228,231
2.3195,262
2.6829,264
2.6572,257
2.6785,256
2.5692,269
2.7984,235
2.4996,261
2.4754,251
2.6291,247
2.4838,255
2.4900,252
2.8347,234
2.8518,244
2.6027,256
2.4998,262
2.3532,255
2.6048,250
2.5953,242
2.6268,244
2.7905,243
2.6483,265
2.5330,252
2.6193,241
2.4801,253
2.5497,242
2.7327,222
2.4767,262
2.9692,234
2.5655,255
2.7213,246
2.4717,253
2.6416,238
2.7279,250
2.7558,239
2.8067,233
2.7262,248
2.5405,255
2.4203,257
2.6061,236
2.2917,265
2.4250,261
2.6126,249
2.5487,235
2.5156,258
2.4516,258
2.5031,257
2.4384,247
2.3583,246
2.6486,260
2.5138,245
2.5393,263
2.6573,246
2.5911,250
2.4332,282
2.6348,251
2.6491,254
2.6061,239
2.4498,263
2.5960,243
2.6024,250
2.7378,255
2.4448,248
2.6070,259
2.7422,238
2.5607,251
2.4784,244
2.3932,271
2.4221,263
2.6918,249
2.5716,259
2.2328,265
2.7338,255
2.7484,249
2.5743,236
2.6843,254
2.5822,259
2.6193,253
2.3347,257
2.6727,255
2.4912,264
2.7222,236
2.6410,260
2.5839,243
2.7537,244
2.8094,246
2.5774,240
2.6746,234
2.5626,266
2.6125,249
2.5616,255
2.5560,271
2.7146,236
2.6543,249
2.4187,270
2.5282,253
2.7935,247
2.6215,243
2.4292,264
2.7263,250
2.7536,240
2.7945,246
2.6095,241
2.4151,253
2.8131,236
2.4954,254
2.4224,259
2.5882,258
2.8588,244
2.5630,268
2.3457,269
2.7169,257
2.6533,243
2.4734,259
2.7784,253
2.5226,251
2.5172,257
2.7350,243
2.4886,255
2.4578,260
2.4844,250
2.5936,256
2.6224,257
2.6121,261
2.7185,228
2.5414,252
2.5785,257
2.4546,266
2.4234,259
2.8745,228
2.3790,258
2.3251,273
2.5934,254
2.5169,240
2.4708,261
2.6155,255
2.6589,244
2.5420,265
2.5758,249
2.4422,262
2.5443,260
2.5160,256
2.4763,256
2.9045,238
2.3364,246
2.5761,257
2.5994,256
2.8716,243
2.8117,230
2.8080,263
2.5459,252
2.6285,234
2.2911,266
2.5413,249
2.5570,229
2.6564,244
2.6242,261
2.2845,271
2.6943,239
2.6764,258
2.6253,257
2.4712,276
2.3378,267
2.4091,262
2.4333,264
2.3725,258
2.5266,266
2.7301,255
2.7259,239
2.4428,263
2.4407,274
2.6691,241
2.6181,229
2.2897,272
2.4541,260
2.4044,260
2.5216,258
2.4151,260
2.5222,260
2.6167,232
2.6064,248
2.4656,252
2.3706,263
2.4485,266
2.7084,262
2.6224,250
2.6709,252
2.4365,266
2.5940,244
2.3716,253
2.5566,250
2.5713,257
2.3524,269
2.5425,257
2.6504,261
2.3814,259
2.5141,263
2.4786,253
2.3586,252
2.5576,246
2.5313,260
2.6906,254
2.5427,252
2.4920,232
2.5612,242
2.6487,252
2.3856,256
2.4881,259
2.5237,242
2.5450,245
2.6013,247
2.6854,239
2.7159,241
2.6458,256
2.3169,272
2.5568,256
2.5588,254
2.4996,254
2.6809,239
2.5151,257
2.5334,260
2.6446,237
2.3718,252
2.7588,248
2.4544,245
2.7024,252
2.5351,262
2.4312,265
2.6350,266
2.5293,248
2.4512,247
2.6850,256
2.5020,267
2.3473,266
2.6869,242
2.3870,279
2.2012,275
2.3650,267
2.4754,249
2.5886,253
2.4567,268
2.5117,258
2.5929,241
2.7766,258
2.6536,249
2.4315,252
2.6452,249
2.3505,257
2.3471,265
2.6270,242
2.6679,251
2.2822,272
2.5389,265
2.4164,250
2.2517,280
2.4850,255
2.6716,255
2.4837,272
2.6666,238
2.6514,250
2.3930,265
2.5941,240
2.5728,243
2.2974,286
2.6789,252
2.6918,231
2.4274,261
2.5772,259
2.5763,243
2.4952,269
2.3685,254
2.5272,246
2.4513,250
2.5168,255
2.4505,259
2.5788,252
2.6845,245
2.6932,246
2.5544,254
2.5182,267
2.5162,260
2.8207,235
2.4619,282
2.4436,262
2.5996,259
2.3774,260
2.5266,239
2.2896,277
2.3870,267
2.5209,257
2.4316,284
2.6098,261
2.5225,247
2.4420,254
2.5444,256
2.4451,267
2.4083,258
2.4090,275
2.4687,242
2.4712,257
2.5619,257
2.3350,261
2.5634,261
2.6716,248
2.8668,246
2.6236,248
2.6685,239
2.5660,243
2.4589,255
2.4527,257
2.4708,248
2.5509,263
2.1770,289
2.6383,245
2.6252,248
2.4345,263
2.3797,262
2.4426,265
2.7018,242
2.5166,250
2.3779,250
2.5000,274
2.5417,250
2.6864,246
2.5905,262
2.4666,257
2.4909,255
2.5426,266
2.4527,259
2.4641,277
2.5959,264
2.3844,264
2.2971,268
2.5812,249
2.4884,257
2.3848,266
2.3646,263
2.6700,240
2.4328,261
2.6375,246
2.5670,259
2.6464,256
2.5917,258
2.2418,264
2.1974,272
2.4837,248
2.5074,266
2.2923,259
2.5466,248
2.3811,248
2.6380,236
2.5364,250
2.1018,275
2.6324,244
2.5660,245
2.7294,254
2.5366,245
2.5111,234
2.5369,250
2.1696,272
2.3718,260
2.3707,266
2.6593,258
2.4378,257
2.7057,267
2.4235,264
2.3506,265
2.5039,257
2.4867,255
2.4688,259
2.4550,248
2.3493,266
2.4187,261
2.5139,259
2.4198,262
2.3266,271
2.5265,248
2.4236,257
2.3850,260
2.1957,255
2.3363,266
2.5103,252
2.3228,257
2.6592,246
2.6687,269
2.6186,249
2.7477,225
2.4319,244
2.5755,249
2.4771,261
2.4331,255
2.4331,272
2.4221,269
2.5503,244
2.6631,246
2.4053,274
2.3162,267
2.3515,278
2.5286,258
2.4883,271
2.5096,256
2.6809,249
2.3901,257
2.4058,259
2.2501,268
2.6716,246
2.2605,270
2.7279,242
2.5973,244
2.3861,281
2.3506,260
2.6092,249
2.6212,251
2.3390,277
2.4614,263
2.6523,240
2.4264,264
2.5200,254
2.2569,270
2.3487,251
2.6386,236
2.5423,242
2.5803,253
2.4673,266
2.4503,261
2.3874,271
2.6179,257
2.4736,253
2.4704,272
2.4646,249
2.3965,258
2.5179,245
2.5474,259
2.7050,245
2.6371,280
2.4554,261
2.6037,252
2.3154,285
2.6463,241
2.5064,244
2.3299,276
2.4412,241
2.5859,253
2.5508,264
2.7238,244
2.4222,269
2.5536,264
2.2565,269
2.7545,240
2.3076,258
2.5250,249
2.4872,279
2.3658,271
2.4287,277
2.4345,284
2.3830,260
2.8145,222
2.1729,266
2.3756,256
2.2884,269
2.5067,259
2.3644,263
2.6363,256
2.4707,257
2.5268,247
2.3343,261
2.5849,242
2.2948,265
2.4385,271
2.2815,276
2.4881,248
2.4704,260
2.5522,247
2.7268,237
2.4188,260
2.5836,244
2.5924,240
2.5908,245
2.3527,269
2.6239,245
2.4984,257
2.5220,260
2.3406,257
2.3417,268
2.2080,275
2.6391,273
2.5936,255
2.4018,265
2.4454,243
2.5043,259
2.5678,251
2.5253,249
2.6413,245
2.5523,253
2.4781,256
2.5159,259
2.4028,265
2.6035,245
2.5905,244
2.3685,272
2.5292,257
2.3782,276
2.3834,256
2.8694,228
2.5912,257
2.4741,248
2.7055,251
2.3441,261
2.5518,275
2.6970,261
2.3935,250
2.4220,264
2.4742,257
2.5196,254
2.5298,253
2.6362,248
2.4018,248
2.5683,252
2.5153,270
2.5200,266
2.1947,293
2.4103,252
2.4033,268
2.5368,256
2.5377,256
2.4143,256
2.5071,257
2.2021,275
2.2842,267
2.3210,270
2.5554,265
2.5195,267
2.3118,243
2.3268,277
2.1647,271
2.4791,264
2.3497,256
2.6773,254
2.5000,245
2.3838,260
2.3613,257
2.4433,249
2.3908,261
2.3335,281
2.7095,249
2.3291,269
2.6675,263
2.3526,255
2.4916,247
2.6446,260
2.4400,265
2.5441,250
2.4361,275
2.3659,259
2.4352,274
1.9714,302
2.6308,239
2.2798,273
2.4790,252
2.4765,260
2.3011,253
2.2989,272
2.5052,254
2.4149,269
2.7137,240
2.6780,256
2.3895,272
2.3902,261
2.2883,266
2.3396,276
2.4394,255
2.6747,245
2.1595,272
2.5278,258
2.4764,246
2.3501,258
2.3451,270
2.5145,260
2.4863,270
2.7000,257
2.4929,253
2.6444,258
2.4664,256
2.4994,268
2.6865,261
2.6729,246
2.5885,258
2.7959,243
2.5638,249
2.4135,265
2.3971,268
2.3925,261
2.4330,264
2.6301,260
2.5373,255
2.3658,265
2.1964,273
2.5618,247
2.4763,254
2.3406,274
2.4909,260
2.6521,243
2.4101,265
2.5482,260
2.5150,266
2.6347,255
2.4237,258
2.4933,263
2.4509,255
2.3173,279
2.2872,255
2.5061,252
2.4450,252
2.2988,272
2.4651,246
2.2571,263
2.4597,249
2.4968,249
2.5189,259
2.4719,260
2.6655,251
2.6317,267
2.5034,270
2.5507,264
2.4424,265
2.2460,265
2.2956,270
2.3428,268
2.4091,240
2.4530,269
2.5062,261
2.3808,266
2.6481,260
2.7198,255
2.5341,244
2.4425,255
2.4158,248
2.4140,262
2.4209,259
2.5293,253
2.4625,251
2.5912,271
2.3768,257
2.3847,244
2.3438,251
2.4772,270
2.5433,263
2.4439,279
2.3910,262
2.4437,245
2.6017,246
2.6266,246
2.4868,263
2.3444,263
2.5328,258
2.5398,272
2.2662,271
2.3282,273
2.3696,259
2.4344,255
2.5053,260
2.3343,275
2.3838,283
2.3054,263
2.4383,264
2.3806,264
2.6367,249
2.3995,254
2.4866,266
2.2474,266
2.4195,256
2.5352,255
2.2498,266
2.6770,250
2.1797,273
2.7512,244
2.3582,269
2.4864,276
2.2692,268
2.4864,270
2.5099,268
2.4216,258
2.5624,262
2.3929,271
2.6232,249
2.3028,280
2.2989,267
2.4922,243
2.6074,232
2.4134,270
2.5386,246
2.5506,249
2.4243,261
2.3045,272
2.5015,264
2.3717,267
2.2999,278
2.3291,258
2.6254,249
2.4196,257
2.4605,256
2.4676,249
2.3749,257
2.4977,271
2.6583,247
2.3535,263
2.4351,254
2.4498,254
2.3417,274
2.7080,250
2.3051,257
2.2395,271
2.4794,262
2.9406,224
2.5821,254
2.4444,264
2.5019,251
2.2290,263
2.6019,255
2.4129,264
2.1660,283
2.5076,257
2.2879,262
2.4370,266
2.4494,267
2.4585,271
2.4701,274
2.3518,271
2.4428,251
2.5825,261
2.5535,264
2.3615,263
2.3338,258
2.3962,268
2.5390,282
2.4799,251
2.3351,243
2.4519,259
2.2399,276
2.5517,248
2.4490,269
2.4426,264
2.6873,260
2.2901,269
2.3304,246
2.3013,273
2.6073,252
2.3147,269
2.3280,261
2.3950,248
2.4610,252
2.3013,272
2.2961,274
2.4840,249
2.4393,244
2.5379,243
2.4646,258
2.4660,254
2.3874,260
2.3103,272
2.5325,264
2.4218,255
2.2030,268
2.2404,288
2.4958,250
2.2211,272
2.3555,273
2.5106,268
2.3073,276
2.4424,274
2.6563,247
2.1796,291
2.4098,261
2.3344,275
2.1884,268
2.3261,255
2.7735,260
2.5982,272
2.4964,253
2.4975,286
2.3019,260
2.6572,260
2.5363,265
2.5530,266
2.3960,243
2.4724,252
2.7247,242
2.1643,274
2.4121,266
2.3657,265
2.2333,268
2.4412,274
2.3496,258
2.2194,281
2.4638,265
2.2264,269
2.3143,260
2.3702,263
2.3500,266
2.4659,262
2.3966,259
2.3427,262
2.3979,247
2.3216,271
2.1160,284
2.3260,272
2.2572,264
2.4075,250
2.4089,261
2.3461,258
2.6458,259
2.5886,245
2.4005,258
2.4979,259
2.5070,268
2.2487,276
2.4322,250
2.3832,282
2.2290,269
2.4691,257
2.4415,277
2.3042,266
2.4919,267
2.3425,249
1.9619,296
2.5662,259
2.4436,257
2.2659,273
2.3944,266
2.2865,276
2.4700,270
2.2353,273
2.4757,259
2.3499,256
2.6410,248
2.3962,268
2.3759,256
2.2999,270
2.2689,287
2.2774,256
2.3666,267
2.4070,269
2.5695,250
2.4015,266
2.1707,292
2.3047,272
2.4350,271
2.3905,261
2.5861,247
2.4483,264
2.4809,268
2.3480,255
2.1452,287
2.2170,272
2.3459,272
2.2969,281
2.4826,261
2.6536,224
2.4031,263
2.2730,276
2.1788,273
2.3789,269
2.5808,247
2.3804,285
2.3557,255
2.4243,272
2.2793,284
2.4965,257
2.2334,272
2.2449,262
2.3579,263
2.2299,274
2.4002,266
2.4304,253
2.3831,259
2.3913,265
2.2173,275
2.3876,265
2.2686,276
2.1851,268
2.2550,280
2.2625,276
2.2174,276
2.4602,266
2.3576,283
2.3104,275
2.2939,262
2.2961,271
2.3604,280
2.5884,265
2.3529,263
2.3549,251
2.4410,263
2.5472,247
2.5529,260
2.3743,270
2.1837,296
2.3255,280
2.2743,294
2.4959,256
2.2437,264
2.3656,257
2.4006,264
2.4070,275
2.3177,280
2.8087,236
2.5422,258
2.2380,268
2.4720,243
2.2716,255
2.2205,289
2.5011,270
2.1714,280
2.5253,252
2.6193,256
2.4075,263
2.4321,263
2.4220,257
2.4497,262
2.1974,281
2.3456,258
2.4135,270
2.5446,260
2.4939,267
2.3810,264
2.4110,270
2.2295,273
2.1992,265
2.2393,258
2.2726,257
2.3800,272
2.2865,269
2.4355,269
2.2182,273
2.2130,284
2.6362,245
2.2955,272
2.3904,266
2.8663,253
2.4809,275
2.1622,287
2.3764,258
2.3982,264
2.4413,264
2.5798,247
2.5272,271
2.4607,262
2.2464,261
2.1932,259
2.3842,261
2.3551,264
2.4362,256
2.2764,267
2.3544,291
2.4900,251
2.2792,278
2.4117,269
2.4937,266
2.1460,273
2.4675,268
2.5177,273
2.5242,253
2.1296,280
2.2107,274
2.2843,267
2.3336,267
2.0988,284
2.5508,252
2.5212,256
2.4050,258
2.2866,272
2.4276,258
2.6676,231
2.2406,288
2.1603,282
2.3401,275
2.6345,255
2.5767,253
2.3444,267
1.9819,278
2.3363,269
2.4047,281
2.4910,263
2.2816,271
2.4642,270
2.4091,259
2.2737,275
2.4722,274
2.6223,248
2.1139,277
2.1724,282
2.4155,256
2.5292,254
2.4393,255
2.2275,276
2.3196,278
2.4947,270
2.3810,263
2.3459,261
2.2882,257
2.4858,272
2.3196,284
2.4520,245
2.3781,271
2.5858,259
2.3887,269
2.3305,277
2.4065,273
2.3873,268
2.4498,253
2.4811,261
2.2103,293
2.3473,271
2.4975,257
2.4008,264
2.2757,280
2.3841,264
2.4242,266
2.2754,264
2.7026,243
2.3545,273
2.5055,250
2.2963,269
2.5617,270
2.5410,269
2.4563,259
2.3165,273
2.6592,261
2.4233,268
2.3241,261
2.4440,263
2.3415,266
2.2807,274
2.3743,276
2.1285,274
2.3710,270
2.3716,248
2.3979,273
2.1700,290
2.6704,231
2.4367,255
2.0534,288
2.4936,251
2.6011,263
2.4079,273
2.3872,255
2.3089,272
2.3389,271
2.5109,273
2.2650,273
2.2398,269
2.3282,267
2.3682,277
2.3139,261
2.2729,269
2.3535,254
2.4470,269
2.4030,279
2.0479,277
2.5116,266
2.3225,261
2.0546,280
2.3192,281
2.1160,286
2.4918,277
2.3894,240
2.4817,259
2.3176,269
2.4315,291
2.4562,274
2.1562,278
2.3570,262
2.6098,272
2.4234,256
2.4397,260
2.2295,281
2.4161,268
2.2190,278
2.3455,265
2.5832,261
2.5260,259
2.1970,281
2.3332,264
2.6677,258
2.2674,269
2.5366,252
2.3525,278
2.2340,273
2.4612,262
2.5067,254
2.3729,256
2.2600,259
2.5446,255
2.3028,246
2.2804,271
2.2946,282
2.1209,283
2.3573,282
2.3339,279
2.6095,264
2.3659,260
2.3125,278
2.3200,250
2.5042,257
2.0990,304
2.4839,263
2.2465,266
2.3684,282
2.1900,268
2.4592,275
2.4636,250
2.2683,277
2.1794,283
2.2183,272
2.4554,279
2.2296,270
2.3925,281
2.3565,266
2.1914,294
2.3093,255
2.3010,255
2.3949,255
2.1733,284
2.4290,264
2.2693,285
2.3036,275
2.3532,272
2.3802,271
2.6039,257
2.2883,273
2.4348,268
2.2667,269
2.3014,271
2.2433,269
2.2648,264
2.3093,276
2.3669,270
2.3618,288
2.6492,253
2.6693,250
2.2490,284
2.2054,261
2.4886,271
2.0701,284
2.1795,281
2.4028,257
2.2415,282
2.3149,276
2.4879,262
2.6650,248
2.5614,256
2.3085,262
2.2858,276
2.2755,285
2.5575,262
2.5309,258
2.3971,262
2.3260,276
2.3521,272
2.2574,258
2.3161,273
2.3111,276
2.3630,258
2.2772,283
2.2848,274
2.4944,272
2.1397,271
2.4454,253
2.3681,269
2.3270,279
2.2746,259
2.5401,244
2.4864,263
2.3071,271
2.3561,263
2.2980,271
2.2403,280
2.3375,276
2.2528,269
2.5192,266
2.5523,252
2.2563,281
2.4939,264
2.6119,261
2.4103,279
2.3214,261
2.4179,269
2.3075,268
2.3470,276
2.4007,262
2.1878,293
2.3036,271
2.4165,264
2.3104,266
2.4371,269
2.5679,271
2.0537,281
2.1640,274
2.3275,260
2.6999,256
2.3290,269
2.3598,261
2.2154,266
2.2109,274
2.4586,264
2.4029,278
2.2918,257
2.2128,291
2.3629,265
2.1940,267
2.4511,270
2.4392,270
2.1789,267
2.1803,283
2.3859,281
2.3482,269
2.2267,276
2.2907,255
2.2774,275
2.2818,271
2.5194,272
2.3795,274
2.0833,290
2.1922,287
2.2382,270
2.1758,268
2.2534,272
2.1531,292
2.4284,256
2.5259,275
2.2233,277
2.3545,259
2.2281,281
2.6478,251
2.3382,269
2.2472,272
2.4992,261
2.5328,263
2.5642,268
2.4304,267
2.2827,285
2.4281,266
2.1226,275
2.5281,250
2.3352,259
2.5216,262
2.4774,270
2.3119,277
2.4477,263
2.2471,253
2.4361,255
2.3198,262
2.1082,292
2.3090,267
2.4471,271
2.2845,268
2.3869,278
2.4813,257
2.4167,263
2.1099,296
2.1263,277
2.3007,270
2.3131,268
2.3475,282
2.3693,282
2.4296,249
2.1281,278
2.5750,261
2.5843,255
2.4399,260
2.1309,282
2.4813,250
2.4235,275
2.3413,271
2.2154,280
2.2211,299
2.3807,277
2.3033,264
2.3315,266
2.3160,280
2.3875,276
2.3150,259
2.5536,270
2.7312,237
2.3902,264
2.2814,270
2.4628,273
2.3834,275
2.2852,278
2.3424,263
2.6172,257
2.2786,283
2.2939,281
2.3348,286
2.4709,257
2.4499,269
2.3226,270
2.2252,274
2.4558,281
2.1724,291
2.3363,284
2.1949,283
2.3135,283
2.4057,271
2.2612,266
2.1864,269
2.3303,281
2.4180,267
2.5853,257
2.3800,259
2.0926,303
2.2646,275
2.4346,259
2.0629,287
2.3530,264
2.6883,258
2.3290,283
2.3352,285
2.5377,266
2.4548,271
2.3472,261
2.3946,255
2.2442,263
2.6845,252
2.3172,262
2.4960,265
2.0509,280
2.5439,254
2.3756,285
2.1175,282
2.1560,289
2.5569,251
2.1541,292
2.3742,256
2.1093,270
2.3325,287
2.3572,267
2.3622,265
2.4760,265
2.2519,274
2.1793,269
2.4735,266
2.3307,279
2.4697,282
2.2935,276
2.3527,281
2.5761,254
2.3714,264
2.3791,268
2.0753,275
2.3462,263
2.5752,250
2.3264,263
2.3106,285
2.6499,254
2.4174,261
2.1028,286
2.3631,276
2.3039,262
2.4981,254
2.5177,272
2.2888,293
2.2174,271
2.1709,283
2.3063,276
2.3302,276
2.2676,285
2.5935,261
2.3603,270
1.9935,288
2.4864,259
2.3119,260
2.2807,280
2.2920,262
2.2987,264
2.4026,275
2.0803,285
2.4957,265
2.3484,278
2.2736,279
2.5263,254
2.3355,257
2.6018,264
2.3228,279
2.2613,281
2.3055,280
2.3105,273
2.5513,248
2.0428,285
2.0959,290
2.3604,267
2.2931,270
2.2252,279
2.4827,270
2.2335,286
2.2323,266
2.2431,270
2.0750,299
2.3669,275
2.2702,279
2.4553,267
2.2427,267
2.2865,270
2.3933,274
2.4691,270
2.5135,250
2.1283,283
2.3229,266
2.3624,259
2.4888,272
2.4348,269
2.4839,262
2.4392,262
2.1026,266
1.9915,291
2.3649,263
2.3275,271
2.5754,254
2.4488,258
2.1365,291
2.2980,276
2.2508,274
2.4388,258
2.2979,263
2.0351,265
2.3017,270
2.5193,297
2.3377,264
2.2331,287
2.2653,286
2.3863,274
2.6218,265
2.2815,279
2.2282,284
2.4969,254
2.4338,267
2.2563,273
2.2640,274
2.2681,286
2.3341,284
2.3858,283
2.2707,272
2.0910,272
2.1998,287
2.2006,278
2.2275,287
2.4097,260
2.1619,298
2.4431,263
2.1718,285
2.3420,269
2.1624,268
2.2929,275
2.2758,281
2.2297,275
2.1392,282
2.4982,266
2.2002,296
2.3477,286
2.2922,278
2.0241,286
2.1674,279
2.1001,264
2.2830,278
2.2984,283
2.3928,287
2.4681,271
2.2179,279
2.3333,261
2.2196,265
2.2939,273
2.4129,272
2.2755,279
2.4323,265
2.4245,278
2.3005,281
2.3480,254
2.6038,266
2.0770,291
2.2586,251
2.1442,278
2.2649,266
2.1833,281
2.1515,286
2.1550,285
2.2663,276
2.2835,282
2.4198,270
2.3553,267
2.2315,287
2.1767,282
2.1061,286
2.2674,268
2.2228,288
2.1617,274
2.5060,269
2.3638,267
2.1049,295
2.3316,281
2.1980,266
2.3867,274
2.2858,275
2.2987,265
2.2835,265
2.1543,283
2.4563,267
2.2651,274
2.1567,284
2.3362,273
2.2742,269
2.1515,273
2.2682,272
2.1473,287
2.3467,280
2.5977,253
2.6459,260
2.2593,278
2.1979,274
2.4058,259
2.1849,283
2.1476,290
2.2179,287
2.2599,282
2.1739,285
2.3197,270
2.4260,272
2.3742,283
2.2630,279
2.1024,287
2.1988,280
2.2838,268
2.0634,288
2.5607,256
2.0740,284
2.1581,273
2.3923,284
2.2591,296
2.2285,273
2.4723,263
2.3371,286
2.2598,269
1.8959,301
2.4779,253
2.4122,251
2.2151,280
2.4267,272
2.3255,269
2.0595,298
2.1159,278
2.2997,275
2.1300,293
2.2757,273
2.0952,283
2.3932,271
2.2785,268
2.4002,261
2.1243,277
2.2821,274
2.2142,276
2.1275,294
2.1752,281
2.2316,285
2.2397,271
2.4821,261
2.2846,262
2.1921,277
1.9450,286
2.1378,274
2.3295,271
2.3346,264
2.1509,280
2.3271,259
2.3437,268
2.1776,297
2.0590,289
2.1915,280
2.2240,274
2.7270,242
2.1467,280
2.1046,292
2.4670,268
2.3114,275
2.2629,285
2.1526,272
2.2048,283
2.4122,263
2.2551,264
2.3191,281
2.4000,262
2.1845,277
2.3378,270
2.2411,277
2.4557,261
2.1520,282
2.2428,259
2.1503,285
2.2544,277
2.2290,274
2.2482,277
2.2567,283
2.2371,267
2.3153,274
2.2899,293
2.0960,276
2.5326,259
2.2664,280
2.2515,272
2.3904,260
2.2589,275
2.3030,272
2.2731,280
2.1686,294
2.4566,267
2.4860,259
2.2606,275
2.2370,265
2.3268,275
2.3071,277
2.3034,266
2.3419,270
2.4038,264
2.5371,258
2.2318,272
2.3879,271
2.2076,285
2.2501,286
2.2887,278
2.4918,251
2.2710,268
1.9844,286
2.1848,275
2.3090,267
2.3314,260
2.2822,281
2.3410,264
2.3724,280
2.1565,275
2.2346,282
2.3314,268
2.4322,269
2.3351,260
2.3774,271
2.0820,288
2.3115,284
2.3735,284
2.1483,282
2.1803,281
2.6975,257
2.4817,273
2.1637,297
2.3430,263
2.2710,269
2.4309,275
2.2916,271
2.1766,278
2.2943,271
2.3024,256
2.3193,271
2.4720,273
2.1965,286
2.2130,267
2.3127,277
2.3643,264
2.4592,264
2.3721,284
2.3407,280
2.1589,295
2.4681,267
2.4221,268
2.2567,266
2.3524,280
2.0138,267
2.1998,264
2.1185,277
2.1085,278
2.3594,284
2.2497,281
2.3854,265
2.1468,270
2.2824,270
2.3503,271
2.3540,256
2.5517,268
2.3896,272
2.1642,276
2.3462,269
2.2747,288
2.2651,264
2.5128,254
2.4428,269
2.1612,280
2.4057,278
2.1661,291
2.3937,276
2.2963,274
2.1834,287
2.0848,272
2.3621,276
2.3071,273
2.3934,278
2.3495,273
2.2672,288
2.1533,297
2.2134,282
2.2368,283
2.0892,277
2.4069,270
2.1901,275
2.2350,276
2.2882,257
2.1259,291
2.0734,292
2.1140,299
2.3175,277
2.4571,264
2.3577,271
2.1113,280
2.2034,288
1.9890,289
2.3640,275
2.1993,271
2.1524,268
2.0957,282
2.1773,279
2.2520,278
2.3351,282
2.3016,289
2.0041,308
2.2652,277
2.3931,271
2.1770,285
2.2283,273
2.3854,275
2.3052,266
2.2381,297
2.2203,262
2.1316,286
2.2471,280
2.0978,280
2.1148,283
2.1688,292
2.2303,289
2.1521,276
2.3038,281
2.0999,286
2.1633,280
1.9563,293
2.2563,278
2.2170,262
2.4458,262
2.2174,277
2.2268,291
2.2710,282
2.3355,279
2.1902,298
2.1401,286
2.1801,276
2.4373,265
2.2240,274
2.2959,270
2.2597,278
2.4617,268
2.4073,262
2.2789,282
2.2096,277
2.3399,279
2.2094,276
2.3093,282
2.3758,275
2.1255,285
2.2992,271
2.2644,273
2.3475,272
2.1774,281
2.1103,282
2.4639,270
2.2929,292
2.3761,273
2.4637,261
2.1825,288
2.4543,281
2.2224,287
2.2163,260
2.1988,295
2.3693,268
2.1157,281
2.1294,290
2.1796,276
2.1810,285
2.2832,283
2.3448,275
2.5189,264
2.6359,263
2.3142,268
2.3742,265
2.1482,292
2.1953,279
2.2282,289
2.2957,270
2.2953,278
2.2067,276
2.4432,260
2.3950,272
2.4400,279
2.0268,298
2.2434,285
2.3285,271
2.2891,268
2.3328,277
2.2574,271
2.3050,272
2.2032,275
2.3772,264
2.0977,284
2.3992,279
2.2431,280
2.1362,280
2.3338,272
2.2644,270
2.3371,285
2.2863,268
2.2891,271
2.3407,282
2.0746,296
2.3502,272
2.1768,293
2.4612,257
2.3491,278
2.3201,276
2.1098,281
2.2064,286
2.3569,279
2.4023,279
2.4334,271
2.1794,273
2.2562,276
2.3584,290
2.2571,284
2.6168,259
2.1976,297
2.4523,261
2.2523,272
2.1662,291
2.3046,273
2.2967,268
2.3745,287
2.3919,279
2.2512,284
2.3152,272
2.3433,274
2.1976,284
2.0646,289
2.3476,272
2.4055,245
2.2759,286
2.2343,274
2.3908,280
2.0625,296
2.4467,249
2.1966,295
2.4291,266
2.3335,286
2.2069,289
2.2099,276
2.4148,265
2.1087,290
2.4408,272
2.0897,286
2.3112,269
2.3667,291
2.1404,280
2.3259,278
1.9728,293
2.1827,269
2.3131,275
2.3662,285
2.2188,274
2.2500,266
2.1358,282
2.3064,269
2.2139,299
2.3331,264
2.3876,280
2.1172,284
2.0395,297
2.1735,296
2.1077,283
2.0410,298
2.1637,276
2.1828,297
2.1137,304
2.0637,289
2.0799,292
2.2585,283
2.2716,278
2.3262,269
2.4971,263
2.1588,279
2.0979,287
2.4085,264
2.4722,265
2.1870,280
2.4498,273
2.4109,287
2.2842,279
2.3342,269
2.3921,274
2.1472,282
2.3021,254
2.3231,276
2.3259,266
2.3796,273
2.4409,265
2.2169,270
2.3071,256
2.1789,290
2.2572,276
2.3232,280
2.2506,274
2.1944,278
2.5141,266
2.4203,267
2.1502,272
2.1879,294
2.3003,279
2.2207,282
2.1846,277
2.3279,279
2.0905,290
2.1802,280
2.1200,286
2.3503,277
2.5211,255
2.3690,263
2.4368,253
2.0314,284
2.1443,270
2.2870,263
2.1525,270
2.4612,265
2.3416,270
2.0022,321
2.3035,271
2.2283,274
2.5610,273
2.3268,271
2.2876,274
2.3956,273
2.1054,275
2.0659,283
2.3810,279
2.1454,283
2.6211,269
2.5098,249
2.4968,270
2.3458,266
2.4124,271
2.3424,271
2.0385,287
2.5105,271
2.2830,304
2.4136,268
2.4112,264
2.4129,259
2.5423,260
2.4264,258
2.4752,249
2.3224,278
2.2138,288
2.7339,179
