1.3315,331
1.2141,327
1.3207,327
1.2721,342
1.2135,351
1.1591,359
1.2126,345
1.2401,339
1.2558,339
1.2924,333
1.1213,341
1.1145,348
1.1463,355
1.0936,360
1.1916,335
1.0881,360
1.1615,349
1.2616,330
1.2054,353
1.1848,357
1.1641,343
1.0780,365
1.2022,349
1.1030,342
1.2157,352
1.2271,334
1.1656,345
1.0857,358
1.1954,335
1.1239,361
1.1116,355
1.2093,344
1.4213,323
1.2505,339
1.3002,342
1.1160,357
1.2983,334
1.4163,333
1.1837,343
1.2798,325
1.3597,335
1.3674,337
1.2980,340
1.2124,342
1.1860,345
1.3870,322
1.1628,345
1.2376,343
1.2510,341
1.2851,334
1.3582,342
1.3287,332
1.2112,350
1.0849,346
1.2609,328
1.2929,336
1.1974,351
1.3171,342
1.2329,336
1.2123,343
1.2819,345
1.2827,342
1.3177,323
1.2882,328
1.3696,329
1.2882,343
1.3312,331
1.1946,353
1.3468,339
1.3607,326
1.1371,357
1.3225,339
1.2712,324
1.2832,349
1.3184,341
1.2979,323
1.2697,338
1.1024,366
1.1368,350
1.3733,325
1.1779,351
1.3170,340
1.2691,333
1.2891,343
1.2655,344
1.4200,336
1.1762,353
1.2404,352
1.2624,357
1.2147,350
1.2958,331
1.3175,333
1.2622,346
1.3480,346
1.2470,336
1.2460,341
1.3461,337
1.2716,350
1.1693,359
1.2009,346
1.3504,332
1.2356,341
1.2534,338
1.2230,348
1.2384,338
1.2292,348
1.3927,325
1.3342,334
1.2338,342
1.4664,323
1.2200,347
1.1824,363
1.3238,339
1.2930,322
1.4220,333
1.1960,352
1.2575,348
1.4292,330
1.1412,365
1.2003,354
1.2588,326
1.3091,349
1.3196,325
1.3684,347
1.3548,330
1.3522,319
1.3064,341
1.2965,343
1.2729,341
1.3228,344
1.2766,341
1.4041,335
1.4000,318
1.3485,328
1.2807,336
1.4076,325
1.3955,327
1.2803,341
1.4388,315
1.3056,351
1.3334,338
1.3986,332
1.4193,338
1.2733,342
1.2058,363
1.2970,345
1.3614,340
1.2303,354
1.3751,336
1.4466,328
1.3595,339
1.4137,318
1.2892,339
1.3864,331
1.3804,331
1.3949,322
1.4006,329
1.4047,338
1.2497,360
1.3621,333
1.2086,352
1.1911,366
1.2737,356
1.1699,361
1.4067,328
1.3215,339
1.4695,328
1.3570,338
1.2179,348
1.3382,342
1.1495,364
1.3470,343
1.4356,335
1.2605,350
1.4065,345
1.3474,329
1.3650,330
1.3322,340
1.2982,351
1.3003,321
1.3812,337
1.3411,331
1.5653,304
1.3005,342
1.3510,338
1.1421,358
1.3520,330
1.2307,343
1.3731,337
1.4626,326
1.2088,351
1.4699,320
1.2689,336
1.2416,349
1.3442,333
1.2872,330
1.6351,309
1.3804,336
1.4469,342
1.4416,329
1.3497,334
1.3758,342
1.4585,316
1.4878,320
1.4061,346
1.3321,345
1.3487,330
1.4009,336
1.5371,313
1.3315,335
1.4099,333
1.3765,338
1.4852,311
1.3650,338
1.3192,343
1.4100,339
1.3860,337
1.3549,320
1.3879,339
1.3486,341
1.3430,343
1.2980,345
1.4680,330
1.4398,322
1.4707,324
1.4388,331
1.4143,327
1.3861,334
1.4606,313
1.4009,330
1.4641,330
1.4678,331
1.4667,330
1.3905,343
1.3388,345
1.4306,322
1.5026,330
1.3284,325
1.4259,334
1.2825,356
1.5297,316
1.4342,330
1.2841,353
1.4064,332
1.4562,321
1.5763,321
1.4008,328
1.4695,315
1.4156,341
1.2974,339
1.4328,336
1.5284,312
1.4039,316
1.6190,311
1.2174,368
1.4956,334
1.5290,317
1.4606,326
1.3110,346
1.4589,341
1.6278,309
1.4950,329
1.4622,323
1.4401,323
1.4415,333
1.5790,297
1.4842,337
1.4699,335
1.5356,315
1.5021,334
1.5250,320
1.3101,341
1.4982,326
1.2387,355
1.3775,336
1.4292,319
1.3872,316
1.5258,309
1.3765,327
1.3903,337
1.3574,326
1.5648,315
1.3551,328
1.4772,327
1.4087,322
1.4400,327
1.4744,338
1.3947,325
1.4951,329
1.5352,312
1.4044,328
1.5248,326
1.3078,344
1.3652,337
1.3633,351
1.2599,362
1.4144,325
1.3570,337
1.3855,335
1.4369,330
1.4448,336
1.4422,336
1.4161,332
1.4169,337
1.4902,326
1.3091,345
1.4779,337
1.2715,357
1.5092,314
1.5050,324
1.5004,320
1.4478,322
1.4561,329
1.4721,333
1.3224,327
1.5013,319
1.3661,350
1.4640,325
1.6116,327
1.6294,307
1.3941,341
1.4989,322
1.4623,330
1.4953,330
1.3306,341
1.3345,345
1.5026,334
1.5042,322
1.5656,311
1.3806,348
1.5177,331
1.4501,335
1.4974,325
1.3575,345
1.4512,330
1.5430,322
1.4643,334
1.4012,335
1.4813,330
1.3523,348
1.4170,337
1.5499,310
1.4334,324
1.4518,335
1.4982,329
1.4047,346
1.4225,338
1.5494,321
1.6171,312
1.3410,350
1.5231,327
1.4517,338
1.3175,341
1.4362,333
1.4969,325
1.4676,314
1.5889,313
1.5263,333
1.5921,319
1.5380,307
1.5066,320
1.5178,327
1.4563,322
1.6540,313
1.4429,336
1.5407,324
1.5233,302
1.5388,319
1.3567,340
1.5820,319
1.4209,345
1.5415,325
1.3655,340
1.4909,330
1.3947,336
1.4084,327
1.5053,333
1.4479,331
1.6190,308
1.5863,323
1.4972,319
1.5056,327
1.5332,334
1.7275,315
1.5065,310
1.4350,336
1.4879,319
1.4923,333
1.4761,324
1.4779,334
1.4095,330
1.3797,321
1.4222,334
1.4042,330
1.5696,312
1.4524,339
1.5442,322
1.5605,313
1.4402,331
1.5001,328
1.3275,342
1.5483,327
1.5620,330
1.3673,335
1.4831,320
1.5089,337
1.4307,330
1.6365,304
1.5555,319
1.4549,337
1.4229,328
1.4752,331
1.4045,327
1.5704,329
1.3612,349
1.3557,336
1.4847,335
1.4360,333
1.5575,342
1.5571,318
1.4337,334
1.3933,327
1.4851,328
1.5362,326
1.5436,319
1.5249,323
1.5176,340
1.4494,330
1.5261,320
1.2665,368
1.6975,314
1.6049,329
1.4196,343
1.4906,327
1.5156,320
1.4993,321
1.4641,336
1.3992,339
1.4923,316
1.5000,331
1.4885,327
1.3138,343
1.5320,321
1.5395,324
1.5295,322
1.3176,353
1.5997,330
1.3667,349
1.5952,323
1.5871,318
1.4757,321
1.5672,338
1.4260,331
1.4385,327
1.4966,328
1.3760,340
1.4503,337
1.4433,330
1.5389,330
1.6498,320
1.4971,321
1.5701,320
1.6775,325
1.3895,331
1.6097,308
1.5644,325
1.5351,318
1.4550,339
1.4897,341
1.5587,334
1.6309,336
1.5564,313
1.4007,331
1.5532,330
1.5742,313
1.6194,312
1.4789,314
1.6170,338
1.5815,328
1.5201,327
1.5531,308
1.5733,323
1.4605,340
1.5068,331
1.4448,336
1.4227,342
1.5552,311
1.5358,319
1.6331,323
1.7483,303
1.5585,318
1.4659,334
1.4257,339
1.5097,331
1.4591,340
1.7112,308
1.4228,348
1.6140,317
1.4821,320
1.3500,341
1.5954,317
1.5129,324
1.6015,322
1.5199,322
1.6236,312
1.4166,346
1.5768,321
1.5256,324
1.3578,340
1.6129,314
1.6436,334
1.5422,332
1.4586,338
1.4630,325
1.3778,333
1.4923,327
1.4273,335
1.7149,311
1.3600,332
1.5449,334
1.5059,323
1.4307,335
1.3022,359
1.5444,326
1.4303,328
1.4297,342
1.6732,309
1.5477,316
1.6364,319
1.4863,335
1.5717,336
1.5684,317
1.6202,336
1.4092,341
1.7348,310
1.4324,330
1.5804,316
1.4179,327
1.4517,339
1.3588,342
1.5893,302
1.4838,337
1.4435,359
1.5215,336
1.4538,350
1.8246,319
1.3904,332
1.7021,321
1.4034,344
1.5679,325
1.6082,319
1.5415,343
1.4838,338
1.6379,323
1.6350,322
1.5103,330
1.5673,315
1.4272,339
1.4640,349
1.5476,312
1.4605,334
1.4153,344
1.5133,317
1.5093,329
1.4571,336
1.5152,335
1.4958,332
1.6893,314
1.5033,337
1.3833,349
1.6729,328
1.3766,342
1.3699,330
1.4934,327
1.6602,314
1.5487,327
1.6406,324
1.4530,330
1.4542,342
1.7014,300
1.5367,336
1.4542,330
1.5741,338
1.5771,327
1.4367,332
1.5088,337
1.5427,321
1.5944,321
1.6033,343
1.3596,350
1.5448,337
1.6038,319
1.5965,322
1.6782,323
1.3115,343
1.3407,356
1.5405,328
1.5541,312
1.5211,343
1.4426,352
1.6072,336
1.6158,338
1.6105,339
1.4721,341
1.6842,316
1.6188,319
1.5645,321
1.5970,328
1.4461,321
1.5173,329
1.2597,359
1.3692,361
1.5841,317
1.5037,331
1.4602,333
1.6404,319
1.5223,323
1.4361,322
1.3914,340
1.5072,329
1.6278,325
1.7332,302
1.5599,327
1.4238,343
1.2998,358
1.4865,332
1.4994,324
1.6492,325
1.5910,326
1.5751,316
1.5099,327
1.5743,322
1.4776,333
1.5345,322
1.6054,316
1.5120,329
1.4125,344
1.6246,333
1.5928,341
1.4924,337
1.5404,320
1.6423,310
1.5163,341
1.4569,326
1.6049,313
1.6327,323
1.6609,329
1.5263,336
1.4884,326
1.6719,321
1.6520,332
1.5906,329
1.4278,342
1.4365,324
1.5214,329
1.4988,330
1.3881,331
1.5697,323
1.4531,324
1.3568,344
1.3908,343
1.4418,329
1.5621,330
1.4520,339
1.5220,322
1.7030,327
1.4845,323
1.6461,322
1.5469,327
1.5964,318
1.6088,314
1.5976,327
1.5890,329
1.6201,322
1.7259,311
1.6476,324
1.5574,333
1.4991,334
1.4280,338
1.5096,335
1.4447,341
1.5216,327
1.5191,340
1.6391,321
1.5190,334
1.6282,322
1.3750,342
1.7051,319
1.5459,323
1.4310,335
1.4703,332
1.3984,337
1.3414,350
1.6939,311
1.4905,348
1.5306,328
1.5752,327
1.5336,324
1.6269,327
1.5207,328
1.4191,336
1.5650,337
1.5242,330
1.4417,329
1.5754,321
1.4521,325
1.5411,326
1.3743,329
1.6890,301
1.3753,351
1.3925,335
1.5893,320
1.6780,309
1.5253,318
1.7419,316
1.6390,315
1.5324,322
1.5547,324
1.5364,328
1.3499,347
1.4196,339
1.5667,330
1.5901,323
1.5131,335
1.3457,349
1.5519,337
1.5076,338
1.5377,329
1.5882,312
1.5586,322
1.5557,326
1.4979,347
1.6538,336
1.4930,340
1.4814,346
1.4963,338
1.3813,350
1.4719,322
1.4060,337
1.6144,330
1.5083,328
1.6027,315
1.5243,317
1.6809,322
1.7660,305
1.5194,332
1.5710,344
1.5308,327
1.4502,334
1.5437,336
1.6185,316
1.5994,314
1.6185,331
1.4841,336
1.7421,304
1.5534,320
1.3563,351
1.4242,328
1.5190,324
1.5405,323
1.5564,327
1.6237,327
1.4424,336
1.3202,341
1.5759,333
1.6441,319
1.4818,330
1.5826,339
1.6579,327
1.5476,329
1.4369,332
1.6605,328
1.4236,330
1.5822,332
1.4206,335
1.5253,333
1.5456,325
1.5011,327
1.6313,304
1.4727,327
1.6253,329
1.4121,334
1.5199,327
1.4226,341
1.5991,330
1.7171,330
1.4870,334
1.6207,332
1.6342,320
1.6196,325
1.5281,326
1.5738,329
1.5143,332
1.5413,320
1.5642,335
1.4800,333
1.7077,317
1.4630,334
1.6333,316
1.6289,327
1.3738,359
1.4898,331
1.5131,339
1.4701,340
1.4567,348
1.4256,346
1.4714,340
1.3790,345
1.3503,350
1.6341,332
1.4787,343
1.6256,321
1.4422,337
1.5335,329
1.5845,329
1.4469,346
1.5062,336
1.4136,339
1.6752,313
1.6774,316
1.4030,344
1.4165,342
1.5776,318
1.6603,334
1.4345,343
1.4873,322
1.3624,347
1.4601,338
1.4081,341
1.5818,325
1.5694,323
1.5565,325
1.5828,327
1.3746,340
1.4156,343
1.4643,334
1.5832,341
1.4080,333
1.6228,318
1.5343,345
1.6975,319
1.5089,335
1.3318,353
1.4682,344
1.6218,326
1.4411,349
1.5038,319
1.5850,323
1.4450,334
1.6068,323
1.5834,317
1.6754,321
1.5157,337
1.6813,319
1.5093,332
1.3826,342
1.4993,344
1.5355,330
1.3806,341
1.4316,337
1.4454,349
1.3802,343
1.4049,337
1.4265,332
1.4983,348
1.4106,342
1.5715,332
1.5199,332
1.3491,340
1.3295,348
1.3997,336
1.4785,325
1.6505,328
1.3881,334
1.4838,337
1.5030,336
1.5574,335
1.3911,351
1.5184,331
1.4333,348
1.4695,338
1.4645,326
1.4762,343
1.5465,334
1.5949,335
1.4314,349
1.5196,324
1.5129,352
1.4872,339
1.5313,335
1.3706,351
1.5857,322
1.4874,334
1.7163,316
1.3287,343
1.5932,340
1.4608,344
1.5936,328
1.5117,335
1.5932,335
1.6269,328
1.4713,346
1.4962,329
1.4862,324
1.4618,330
1.3747,341
1.5269,320
1.4265,352
1.5564,335
1.5527,335
1.3268,348
1.5560,322
1.6294,332
1.2818,360
1.4936,334
1.4931,342
1.5074,341
1.4681,340
1.5592,315
1.5395,323
1.7301,318
1.5509,323
1.4859,324
1.5914,325
1.5085,328
1.6383,330
1.4315,344
1.3470,342
1.6786,319
1.7382,327
1.3916,345
1.3626,330
1.4832,343
1.2342,355
1.6777,308
1.7327,317
1.5125,333
1.5357,340
1.6702,310
1.4882,338
1.6619,326
1.6320,318
1.4579,334
1.4820,343
1.4956,338
1.5556,329
1.3450,357
1.4730,321
1.6079,320
1.7053,303
1.4130,349
1.5637,327
1.4585,334
1.5308,329
1.5493,330
1.6474,327
1.6626,323
1.5595,318
1.5437,327
1.6698,328
1.5676,317
1.4764,337
1.5787,315
1.4741,339
1.6654,323
1.3630,347
1.7396,317
1.4552,343
1.6923,310
1.7089,319
1.5836,328
1.6103,315
1.5860,323
1.3676,337
1.3590,351
1.4583,338
1.5530,340
1.5643,319
1.4225,344
1.4583,333
1.4662,334
1.5723,335
1.4249,346
1.4973,342
1.6660,327
1.6921,318
1.6621,310
1.5059,335
1.6210,316
1.6216,320
1.3323,353
1.6401,334
1.7257,325
1.8215,300
1.6663,323
1.5142,331
1.5961,313
1.5144,327
1.5230,323
1.3961,334
1.5070,329
1.4773,325
1.3468,354
1.6476,311
1.5013,326
1.4328,333
1.4363,333
1.6072,332
1.5350,343
1.3880,348
1.3360,348
1.4210,328
1.2108,364
1.5735,325
1.5089,318
1.4956,336
1.5789,333
1.5842,323
1.5119,335
1.4795,339
1.5898,325
1.3571,348
1.4059,343
1.5686,329
1.5311,331
1.5409,338
1.4064,333
1.5387,322
1.5426,326
1.6177,339
1.5421,337
1.4756,336
1.5697,335
1.5021,328
1.3714,343
1.4442,359
1.5521,324
1.5470,332
1.5804,333
1.5041,328
1.6065,337
1.2970,348
1.3656,343
1.5173,330
1.3595,356
1.3382,361
1.5072,331
1.3929,347
1.4165,337
1.4648,354
1.5703,339
1.5879,340
1.5441,332
1.4984,352
1.3865,348
1.4824,341
1.6247,324
1.4993,339
1.4084,345
1.4374,332
1.6331,333
1.4992,333
1.4528,323
1.5494,324
1.3870,347
1.5921,336
1.5996,334
1.4255,342
1.4904,345
1.6197,328
1.4973,342
1.4945,336
1.4302,348
1.4563,338
1.6575,323
1.4419,341
1.4663,343
1.6049,329
1.3990,327
1.4953,338
1.6483,328
1.4360,337
1.2831,361
1.3185,348
1.6568,322
1.6930,317
1.5171,325
1.5773,337
1.4579,335
1.3932,328
1.5299,334
1.5801,331
1.3448,350
1.5915,330
1.5568,350
1.6149,328
1.3058,353
1.6275,332
1.4807,339
1.5656,321
1.4598,338
1.5174,326
1.6490,327
1.5126,327
1.5902,340
1.6371,334
1.4938,337
1.5891,314
1.4273,333
1.6406,330
1.4457,322
1.4480,336
1.4742,325
1.4034,352
1.4527,335
1.5785,330
1.6551,343
1.5469,348
1.4060,337
1.4102,338
1.4908,332
1.5842,322
1.4842,335
1.4872,341
1.2812,350
1.7743,323
1.5072,338
1.3419,341
1.4363,343
1.3444,342
1.5806,320
1.6587,321
1.5836,345
1.5709,334
1.5080,350
1.2778,348
1.5182,323
1.3572,350
1.4548,344
1.4308,355
1.3778,337
1.4592,338
1.6436,314
1.2572,365
1.5424,332
1.4864,334
1.6246,330
1.4149,350
1.6452,303
1.4208,339
1.4587,337
1.5164,340
1.7041,323
1.4696,342
1.4505,339
1.5336,332
1.4892,333
1.5221,336
1.4117,340
1.4147,331
1.6019,317
1.4623,341
1.4602,343
1.4313,341
1.4231,343
1.4163,335
1.4873,353
1.6667,319
1.4314,343
1.3747,343
1.3917,344
1.5822,330
1.4348,344
1.2642,360
1.5835,343
1.4789,343
1.6026,317
1.4067,342
1.4376,347
1.3518,346
1.4532,326
1.4167,337
1.4619,342
1.4535,344
1.6128,333
1.6730,326
1.4653,341
1.4203,333
1.6076,333
1.5825,334
1.3859,335
1.4637,328
1.5206,320
1.6712,320
1.4378,347
1.3854,335
1.3529,360
1.5913,328
1.5580,331
1.4057,348
1.4057,351
1.4710,343
1.4904,340
1.4462,336
1.4499,340
1.4612,348
1.4337,356
1.4238,354
1.6061,335
1.4875,341
1.4988,341
1.5555,337
1.5787,333
1.4005,345
1.5453,327
1.6076,322
1.5877,350
1.4794,349
1.4200,337
1.5554,336
1.5633,335
1.4991,331
1.3989,325
1.5110,344
1.5895,322
1.5359,332
1.4596,335
1.6139,333
1.5943,349
1.5385,330
1.5274,347
1.4802,340
1.6642,319
1.5305,337
1.5680,326
1.6664,325
1.6099,333
1.5194,339
1.2914,356
1.7577,318
1.5219,326
1.4934,334
1.6199,308
1.4050,344
1.5590,328
1.6933,328
1.6016,318
1.5019,347
1.6204,335
1.4094,349
1.4156,341
1.5928,345
1.3593,348
1.4952,340
1.6453,321
1.6572,321
1.5400,341
1.4380,332
1.5660,345
1.5250,325
1.5427,332
1.3531,336
1.9309,312
1.6419,320
1.4797,335
1.4715,337
1.5266,338
1.5167,340
1.4607,342
1.6190,341
1.5324,328
1.4854,333
1.4779,344
1.4781,353
1.4352,337
1.3561,347
1.3811,340
1.5135,328
1.4638,331
1.6698,328
1.5305,336
1.3490,358
1.5095,339
1.4305,349
1.5263,343
1.5158,344
1.5079,330
1.6035,348
1.5125,327
1.3802,341
1.5772,335
1.6247,327
1.6067,327
1.4033,339
1.5573,331
1.4870,327
1.6603,334
1.5116,331
1.4161,342
1.4605,339
1.4020,354
1.6222,333
1.5828,338
1.3842,350
1.6601,331
1.4144,337
1.5566,340
1.3819,343
1.4871,321
1.6366,325
1.5032,343
1.5122,329
1.7690,327
1.4449,329
1.7205,325
1.5759,324
1.4748,331
1.3914,339
1.4508,333
1.6195,329
1.4534,341
1.5075,337
1.5612,343
1.6825,325
1.5231,338
1.6061,328
1.3803,342
1.3800,352
1.4268,340
1.6108,324
1.4163,353
1.3539,357
1.4540,353
1.6860,316
1.5786,328
1.3992,335
1.3561,345
1.5011,347
1.3005,353
1.4766,344
1.5712,320
1.4241,336
1.5176,342
1.4299,337
1.6648,345
1.5058,332
1.3116,350
1.3773,361
1.3441,353
1.5495,323
1.6187,331
1.5658,330
1.4174,346
1.4770,336
1.5560,326
1.6023,327
1.5870,347
1.5119,348
1.5196,342
1.5822,328
1.5280,351
1.4422,357
1.4290,338
1.5706,336
1.5793,344
1.4660,339
1.3401,350
1.5310,335
1.4417,346
1.6861,325
1.5595,340
1.6027,334
1.6293,337
1.5181,339
1.7164,316
1.5188,336
1.5758,344
1.4502,342
1.4221,354
1.6327,328
1.3489,338
1.6659,315
1.3705,336
1.4552,343
1.5818,331
1.3982,348
1.5408,329
1.6027,344
1.4380,344
1.3076,359
1.4605,345
1.7118,319
1.4574,332
1.5435,324
1.4210,345
1.4702,349
1.3925,342
1.4463,343
1.3671,344
1.4412,349
1.6780,325
1.5659,328
1.5055,344
1.3497,355
1.3072,350
1.4209,349
1.5738,339
1.5581,331
1.4162,338
1.5756,350
1.5601,323
1.4617,336
1.3797,354
1.5705,338
1.3886,335
1.5804,332
1.3381,358
1.5913,336
1.4690,354
1.3899,338
1.6858,331
1.3358,350
1.4534,342
1.5527,337
1.4496,335
1.6128,340
1.5912,330
1.4226,334
1.4793,339
1.6606,329
1.5418,346
1.4728,346
1.4507,334
1.3783,348
1.6072,334
1.6590,328
1.4522,345
1.3234,346
1.3696,353
1.4699,337
1.3368,365
1.2545,366
1.4004,352
1.2174,361
1.3948,346
1.5430,330
1.4441,350
1.5435,333
1.4344,348
1.5347,330
1.4123,342
1.5638,332
1.4662,349
1.4134,357
1.5234,348
1.4661,336
1.5435,317
1.5179,338
1.4914,345
1.7109,322
1.4758,334
1.3446,339
1.6314,327
1.3719,349
1.5233,333
1.5296,338
1.4783,341
1.5338,332
1.5926,336
1.4392,347
1.4582,336
1.4743,334
1.6031,330
1.4214,346
1.5587,323
1.4770,351
1.3395,346
1.3601,357
1.5503,314
1.5794,327
1.4168,350
1.5335,343
1.4471,335
1.5294,332
1.8029,315
1.3240,346
1.3387,348
1.4688,343
1.4728,342
1.4942,359
1.5744,330
1.5049,346
1.7737,326
1.4254,333
1.5995,321
1.4793,339
1.5352,332
1.3914,362
1.4843,357
1.3930,346
1.4355,331
1.3940,347
1.6387,329
1.4745,347
1.3507,349
1.5705,337
1.4617,356
1.5256,327
1.5706,322
1.4051,341
1.5066,351
1.7055,329
1.5143,325
1.7547,318
1.4923,345
1.6732,333
1.6626,343
1.4369,346
1.3623,358
1.3468,355
1.2869,366
1.5582,322
1.3783,353
1.6836,321
1.5179,350
1.3584,350
1.3808,348
1.4297,348
1.5528,342
1.5396,330
1.5389,333
1.3565,342
1.5598,320
1.5284,331
1.5268,352
1.4248,336
1.5509,338
1.4855,347
1.3648,337
1.4466,357
1.5234,353
1.6702,317
1.5164,338
1.4152,345
1.3884,341
1.6645,329
1.3335,365
1.5529,351
1.5204,337
1.2589,352
1.3922,343
1.5864,345
1.5491,346
1.3627,337
1.5406,341
1.4801,350
1.7086,319
1.5096,334
1.4411,350
1.5012,339
1.6297,328
1.5914,334
1.3334,365
1.4771,347
1.5339,341
1.4607,340
1.4476,353
1.4355,342
1.4673,349
1.4749,348
1.3794,344
1.5364,326
1.5345,328
1.4938,334
1.4116,336
1.5606,345
1.2432,374
1.4618,341
1.4646,341
1.4547,360
1.5840,338
1.5697,339
1.5674,335
1.2506,368
1.5518,343
1.5716,331
1.5798,332
1.3687,337
1.4423,354
1.6384,329
1.5648,329
1.4069,354
1.3472,336
1.3506,349
1.4910,343
1.4451,343
1.4621,329
1.5089,339
1.5271,332
1.4524,348
1.4785,333
1.5056,344
1.5410,354
1.3176,343
1.3358,351
1.5601,339
1.4686,334
1.2829,359
1.3934,352
1.6354,320
1.4595,343
1.3891,348
1.5020,333
1.3160,352
1.4775,343
1.3315,361
1.4817,322
1.5646,357
1.5562,332
1.4155,339
1.4851,339
1.7496,307
1.4477,352
1.2654,369
1.3844,352
1.3648,348
1.5302,331
1.7971,333
1.6327,332
1.4032,352
1.6031,327
1.4138,348
1.4157,350
1.5031,331
1.5228,333
1.4264,356
1.4014,333
1.4730,350
1.4520,355
1.4847,355
1.3920,345
1.4511,354
1.5752,317
1.4913,339
1.5382,333
1.4715,353
1.3894,353
1.5260,342
1.6373,330
1.4681,335
1.5017,336
1.5141,340
1.5761,338
1.3578,362
1.5113,350
1.4089,355
1.6281,331
1.3671,348
1.4968,330
1.5768,325
1.5222,330
1.5454,331
1.6778,314
1.5264,337
1.4540,341
1.5777,336
1.6271,346
1.2318,343
1.4627,343
1.4748,334
1.4455,342
1.4015,356
1.4660,336
1.4950,337
1.3567,353
1.5937,341
1.4325,349
1.6339,337
1.6059,321
1.5525,341
1.6057,332
1.6134,324
1.3351,366
1.3998,333
1.3742,340
1.3513,352
1.2391,351
1.5250,340
1.4576,348
1.3286,363
1.3996,345
1.4295,342
1.4114,341
1.5918,341
1.4890,341
1.4987,329
1.4321,353
1.4569,359
1.5061,335
1.4597,334
1.2963,359
1.4591,350
1.3653,355
1.3343,338
1.5763,345
1.5199,335
1.3789,341
1.3263,342
1.3893,361
1.5933,341
1.4222,346
1.6372,336
1.4798,350
1.4616,354
1.3440,346
1.4234,344
1.3317,356
1.5333,325
1.5468,326
1.4355,340
1.3793,352
1.6127,331
1.6371,322
1.4807,340
1.4796,334
1.3984,352
1.5742,335
1.4783,350
1.3455,353
1.2955,362
1.4549,343
1.6686,326
1.5449,331
1.6332,332
1.3601,348
1.4139,347
1.3409,348
1.4039,344
1.5579,331
1.5385,344
1.4598,356
1.4472,332
1.4068,350
1.3705,356
1.6223,339
1.4157,348
1.5717,324
1.5187,341
1.3114,351
1.4769,346
1.5270,334
1.4914,344
1.6532,336
1.6028,336
1.7225,320
1.6071,316
1.4115,353
1.5913,323
1.4071,348
1.3720,358
1.3738,347
1.4700,347
1.4517,340
1.6573,320
1.6434,331
1.5578,336
1.4938,351
1.5010,340
1.6992,316
1.3888,345
1.5122,345
1.6395,327
1.4962,339
1.3690,363
1.4613,334
1.6569,314
1.5154,330
1.4101,350
1.3431,360
1.4689,340
1.4738,342
1.4548,339
1.4505,352
1.4289,342
1.3752,348
1.5096,336
1.4630,342
1.4802,341
1.5138,337
1.4889,340
1.6113,323
1.6520,332
1.4245,359
1.4501,339
1.5466,345
1.2983,358
1.5177,346
1.4092,344
1.4028,338
1.4534,347
1.5135,337
1.4451,348
1.4323,343
1.4132,342
1.2441,362
1.5016,350
1.5363,339
1.3868,338
1.6788,332
1.2944,360
1.4841,341
1.5706,328
1.5926,344
1.4167,350
1.4382,332
1.4989,342
1.4353,342
1.5798,353
1.5098,326
1.4172,351
1.5075,344
1.2975,357
1.4924,343
1.5690,340
1.3934,347
1.5456,328
1.4951,330
1.4647,345
1.4665,342
1.4788,356
1.5888,341
1.4132,347
1.3161,354
1.5689,334
1.5500,320
1.4511,340
1.3983,348
1.4492,338
1.2761,349
1.3552,359
1.5072,339
1.3105,357
1.3956,358
1.2598,353
1.4467,349
1.5077,340
1.3744,364
1.5333,334
1.3574,347
1.3531,343
1.4642,334
1.2993,339
1.4268,342
1.3819,342
1.4794,338
1.5216,349
1.3148,333
1.4555,351
1.4416,321
1.4565,358
1.6682,326
1.5259,335
1.6178,333
1.6238,328
1.4966,324
1.3218,354
1.3464,339
1.3624,352
1.5180,347
1.4851,351
1.4751,332
1.7247,312
1.4318,355
1.4142,343
1.5305,333
1.5059,350
1.4941,332
1.4352,345
1.6589,320
1.4545,331
1.5815,325
1.6416,333
1.6366,330
1.3406,351
1.4773,347
1.3543,354
1.4597,353
1.4427,344
1.5383,343
1.5013,348
1.6155,337
1.5550,329
1.6759,316
1.4271,326
1.4221,339
1.5276,338
1.3730,355
1.3956,356
1.3461,368
1.1841,355
1.4254,334
1.6896,331
1.4925,345
1.3238,354
1.4272,350
1.4979,336
1.4890,338
1.3294,354
1.4696,350
1.6190,343
1.4773,343
1.4924,343
1.5636,338
1.5345,331
1.4243,339
1.5325,337
1.4814,341
1.5461,329
1.6140,335
1.5429,340
1.3637,342
1.6245,350
1.3262,360
1.5779,347
1.6016,332
1.4684,336
1.5188,332
1.2257,366
1.5730,329
1.5325,330
1.5363,336
1.4406,343
1.3730,358
1.7174,323
1.4175,352
1.5884,331
1.6563,334
1.4741,347
1.5393,343
1.5937,330
1.4129,343
1.5742,316
1.2745,354
1.6417,329
1.4701,346
1.3074,353
1.4906,340
1.4000,337
1.3970,344
1.4234,367
1.4821,336
1.5920,343
1.4281,359
1.3677,344
1.4668,336
1.5968,336
1.4928,336
1.4867,340
1.4974,339
1.6625,336
1.3801,352
1.4503,336
1.5572,327
1.4479,342
1.4731,350
1.4517,338
1.4650,335
1.4170,349
1.5137,342
1.5000,339
1.4685,339
1.2677,365
1.5396,336
1.4955,352
1.5560,334
1.5037,334
1.4576,351
1.6978,312
1.3968,355
1.4535,343
1.3365,362
1.3652,343
1.6621,333
1.4725,346
1.3925,335
1.4897,332
1.6219,333
1.3766,343
1.4204,345
1.3893,345
1.3759,371
1.3915,358
1.4488,353
1.5153,337
1.4639,344
1.5507,335
1.4682,336
1.5177,337
1.4158,340
1.6434,323
1.5069,340
1.5411,342
1.3276,355
1.4063,355
1.6641,330
1.5467,333
1.4161,341
1.4231,346
1.4807,327
1.3411,361
1.4758,337
1.4217,352
1.5570,337
1.3740,357
1.5000,341
1.3189,351
1.4450,340
1.3996,338
1.4483,357
1.6090,336
1.3698,342
1.6712,313
1.4961,334
1.5037,339
1.6320,325
1.3640,354
1.4835,346
1.4041,350
1.5538,342
1.4085,341
1.6098,338
1.4869,341
1.3811,332
1.3166,355
1.4649,336
1.4870,340
1.4650,350
1.6252,325
1.5572,350
1.3564,363
1.4546,338
1.3863,346
1.3880,346
1.3616,342
1.3863,349
1.5657,348
1.4643,338
1.6025,335
1.6346,312
1.4954,334
1.4749,352
1.3704,352
1.4613,338
1.4518,342
1.4673,329
1.4510,345
1.4352,350
1.3222,344
1.2718,352
1.3496,357
1.3904,358
1.3096,357
1.5685,335
1.5873,331
1.4924,328
1.3489,347
1.6007,337
1.4877,334
1.5137,332
1.4686,352
1.4996,337
1.4373,338
1.6021,328
1.6871,315
1.4341,329
1.3304,353
1.4760,337
1.4263,352
1.3776,362
1.5336,339
1.3367,345
1.3723,362
1.6206,322
1.5112,336
1.5460,332
1.3339,353
1.6230,336
1.4534,336
1.3188,349
1.6291,330
1.4370,339
1.4224,340
1.3351,353
1.4402,358
1.5330,340
1.4123,359
1.4364,351
1.4027,341
1.5948,344
1.4214,335
1.6874,343
1.5961,325
1.5243,345
1.3329,356
1.5835,332
1.5737,330
1.3711,354
1.4419,354
1.4934,327
1.4032,355
1.4737,354
1.5078,335
1.4258,346
1.5160,349
1.4883,335
1.5677,349
1.2295,364
1.4391,339
1.4078,340
1.2694,354
1.6089,315
1.4213,346
1.5126,327
1.4679,333
1.8923,325
1.3921,361
1.5788,337
1.5887,349
1.5565,340
1.4560,338
1.3089,350
1.4542,352
1.5301,339
1.4648,345
1.4066,330
1.4801,334
1.5964,334
1.4734,341
1.4342,347
1.5332,335
1.5960,336
1.5122,333
1.4390,340
1.4935,335
1.3332,336
1.3922,338
1.6895,332
1.2915,347
1.5322,323
1.3612,366
1.5179,344
1.4460,338
1.5624,333
1.4084,340
1.3968,351
1.3166,361
1.4956,340
1.4677,356
1.3598,338
1.4897,327
1.6475,339
1.4032,358
1.6117,318
1.6459,334
1.4851,336
1.3077,359
1.3761,356
1.6123,322
1.4025,339
1.4420,321
1.6375,319
1.4580,343
1.3509,345
1.4693,352
1.5430,355
1.4572,348
1.4491,338
1.4579,345
1.3428,356
1.3683,341
1.4104,357
1.3646,352
1.3849,354
1.4860,346
1.4053,341
1.6453,334
1.4132,342
1.5119,344
1.6735,311
1.3725,350
1.3799,362
1.3682,367
1.4030,358
1.3424,357
1.2856,357
1.5797,341
1.2514,361
1.4599,353
1.4997,332
1.4274,352
1.6630,344
1.6012,337
1.4707,352
1.3878,367
1.4342,348
1.4893,349
1.3720,353
1.4935,348
1.3274,360
1.4281,333
1.3981,351
1.3266,357
1.5200,342
1.4831,340
1.5462,328
1.5828,339
1.0803,388
1.2229,360
1.4899,338
1.6195,337
1.2457,356
1.3514,359
1.3796,346
1.2336,364
1.4595,332
1.3146,356
1.5652,341
1.4133,351
1.3945,345
1.6353,322
1.4743,343
1.1908,364
1.6089,342
1.4337,349
1.5095,343
1.5892,341
1.4480,358
1.3734,359
1.4074,336
1.5539,343
1.3742,347
1.6223,318
1.4078,342
1.3471,340
1.3691,357
1.4420,344
1.5634,344
1.3839,343
1.6241,339
1.6567,328
1.4885,337
1.4399,364
1.7314,328
1.6115,332
1.2392,355
1.4516,343
1.5071,351
1.5796,330
1.4399,358
1.4704,343
1.4812,342
1.3652,350
1.3910,348
1.2775,363
1.3666,351
1.4785,350
1.3241,352
1.4490,361
1.4458,355
1.3414,351
1.6072,339
1.6942,345
1.6804,324
1.5304,356
1.5076,334
1.4701,355
1.4748,333
1.3536,356
1.5127,338
1.4401,340
1.3491,352
1.4991,349
1.5997,335
1.5119,339
1.5627,346
1.4613,338
1.4053,350
1.5853,338
1.4156,344
1.4238,357
1.4299,355
1.5393,341
1.4427,356
1.5307,338
1.4782,346
1.3059,358
1.3697,347
1.5133,334
1.4209,348
1.4824,347
1.3783,345
1.5028,354
1.3482,353
1.4826,321
1.3128,354
1.3625,343
1.4287,338
1.4269,348
1.5812,351
1.5375,349
1.4858,343
1.2965,361
1.5118,337
1.4218,356
1.3199,348
1.4458,346
1.3888,344
1.4082,342
1.4575,346
1.2903,351
1.5442,331
1.5068,335
1.5028,352
1.3960,350
1.5761,341
1.4980,329
1.4574,360
1.5103,324
1.5655,346
1.5000,343
1.5895,333
1.4959,347
1.6458,332
1.5234,347
1.4980,354
1.3181,366
1.3890,348
1.4676,348
1.5242,334
1.3289,343
1.3203,357
1.7125,336
1.3947,350
1.4344,336
1.3721,359
1.3613,338
1.5184,331
1.5313,334
1.5548,353
1.3977,359
1.4294,349
1.2626,363
1.6475,323
1.5616,348
1.5728,344
1.4576,346
1.5945,331
1.4352,336
1.5177,351
1.4125,344
1.3863,349
1.4647,337
1.4021,347
1.5267,354
1.3174,359
1.4958,348
1.3975,356
1.4968,326
1.3410,356
1.5364,348
1.4236,343
1.6088,333
1.4032,344
1.3606,349
1.2928,370
1.3629,354
1.4916,332
1.4436,340
1.4514,345
1.2855,367
1.5951,332
1.4421,356
1.5980,334
1.4687,343
1.5172,339
1.5283,343
1.5176,343
1.4848,332
1.5951,337
1.5654,345
1.4672,344
1.4842,348
1.4827,346
1.4798,331
1.5823,339
1.2842,364
1.4422,343
1.5600,335
1.4785,336
1.4956,332
1.5337,359
1.3117,359
1.4456,335
1.3549,347
1.4254,346
1.3981,337
1.4913,347
1.4307,337
1.3950,352
1.5172,339
1.5033,351
1.1933,366
1.3814,355
1.6374,345
1.4000,360
1.4014,360
1.5504,343
1.3636,359
1.4564,334
1.4829,346
1.4515,343
1.4195,339
1.5572,346
1.4533,344
1.5436,337
1.5901,347
1.3528,346
1.5570,340
1.5353,329
1.4578,331
1.4215,339
1.4641,331
1.4759,349
1.3812,352
1.4811,337
1.3170,357
1.4008,349
1.3029,357
1.1721,364
1.3985,343
1.4726,341
1.3399,357
1.5075,349
1.5356,345
1.5120,338
1.4846,345
1.6724,328
1.4790,347
1.3799,335
1.5348,333
1.4542,351
1.5523,332
1.5775,333
1.6471,339
1.4018,350
1.4184,348
1.3519,355
1.5744,336
1.4706,327
1.3147,362
1.5745,326
1.5504,342
1.4862,336
1.4100,349
1.2303,364
1.3768,350
1.6389,322
1.3727,365
1.7533,332
1.4338,352
1.4483,350
1.4022,347
1.4778,333
1.5503,331
1.4984,334
1.5976,342
1.5957,335
1.5140,359
1.3823,339
1.4926,353
1.2798,345
1.3572,353
1.4696,350
1.4188,354
1.4994,343
1.3539,355
1.2995,357
1.4438,348
1.2388,362
1.4431,357
1.4318,339
1.4665,341
1.4538,345
1.4360,360
1.4235,355
1.4235,345
1.5128,341
1.3882,344
1.4284,360
1.4866,338
1.3960,354
1.5893,350
1.3377,347
1.4632,350
1.4942,343
1.4961,322
1.3669,343
1.2924,353
1.3886,351
1.5939,344
1.4312,361
1.2755,358
1.5689,363
1.5558,342
1.4776,341
1.6011,331
1.4479,356
1.5086,342
1.2805,366
1.5905,334
1.3848,364
1.5006,331
1.5270,351
1.4976,342
1.6313,340
1.5474,335
1.4423,337
1.5388,336
1.5066,352
1.5018,342
1.4224,353
1.5075,346
1.5524,345
1.5289,349
1.3864,346
1.4185,345
1.7105,322
1.5164,341
1.3406,359
1.4883,343
1.6177,345
1.7348,344
1.5055,332
1.4330,343
1.6302,329
1.4171,339
1.3601,341
1.5389,339
1.7114,324
1.4682,355
1.4081,352
1.5831,348
1.5210,335
1.3758,356
1.6995,340
1.4703,341
1.5262,341
1.5463,334
1.3900,338
1.4011,348
1.4939,340
1.5447,330
1.4433,346
1.5163,352
1.4928,337
1.5428,341
1.5400,337
1.4691,348
1.5130,354
1.6994,337
1.3250,336
1.3568,366
1.6136,334
1.4494,344
1.3207,349
1.4802,344
1.5202,337
1.5606,348
1.4402,333
1.3305,355
1.5316,353
1.3766,347
1.4183,362
1.6587,338
1.3538,345
1.5237,347
1.4558,351
1.6472,333
1.6377,334
1.6590,348
1.4290,349
1.6023,329
1.2962,360
1.4423,343
1.4539,334
1.5310,335
1.5233,346
1.1947,363
1.4615,346
1.4874,357
1.5091,361
1.4310,367
1.2960,366
1.3868,351
1.3747,343
1.3650,342
1.4336,335
1.5245,345
1.5378,343
1.4267,340
1.4304,356
1.4855,337
1.4891,345
1.3047,359
1.3957,336
1.2895,345
1.4832,338
1.3504,355
1.3880,361
1.5505,338
1.5721,323
1.3287,351
1.3718,356
1.4191,352
1.5953,360
1.5785,333
1.5783,343
1.4383,363
1.5785,332
1.3745,348
1.5970,335
1.5440,348
1.4368,351
1.5116,347
1.5324,366
1.2370,370
1.5035,349
1.5384,328
1.2592,360
1.4535,342
1.4747,346
1.5899,330
1.5230,357
1.3665,343
1.5334,342
1.5839,349
1.3287,350
1.3607,356
1.4195,340
1.4874,333
1.5193,340
1.5390,326
1.5606,325
1.4777,346
1.3178,370
1.5454,359
1.4343,341
1.3945,354
1.5181,341
1.4983,341
1.5261,356
1.5383,343
1.4051,340
1.5757,345
1.3410,343
1.5314,357
1.4288,355
1.2931,365
1.5719,339
1.3611,351
1.3327,343
1.5423,340
1.4061,348
1.3856,351
1.5499,339
1.3065,359
1.1415,364
1.3453,348
1.3327,352
1.4516,347
1.4448,361
1.3746,350
1.5538,342
1.7176,339
1.5343,336
1.4084,358
1.4537,348
1.3044,371
1.3438,361
1.4603,339
1.5437,347
1.3105,355
1.4226,359
1.3944,348
1.1875,375
1.4429,335
1.5247,347
1.4186,359
1.4180,345
1.5946,342
1.3274,357
1.4515,343
1.5955,320
1.3710,361
1.5543,339
1.5616,343
1.3659,350
1.6180,328
1.4803,331
1.4872,361
1.4140,355
1.4741,346
1.3758,344
1.3869,357
1.4220,366
1.5432,339
1.5069,330
1.4817,342
1.5179,345
1.4693,361
1.3606,365
1.6725,340
1.4957,345
1.4141,354
1.5024,339
1.4021,351
1.4626,355
1.2993,354
1.4348,348
1.4511,342
1.4515,359
1.4863,342
1.4519,351
1.4171,340
1.4779,348
1.4922,347
1.3292,354
1.3291,351
1.4200,344
1.5032,327
1.5224,345
1.2347,381
1.4576,358
1.4995,351
1.6687,331
1.4893,339
1.5880,326
1.4643,354
1.4253,345
1.3992,340
1.4878,352
1.5072,339
1.1966,374
1.5429,349
1.4644,348
1.4016,339
1.4186,344
1.3417,362
1.5591,341
1.4360,351
1.4062,337
1.4694,344
1.4992,339
1.5758,337
1.4855,349
1.3955,356
1.3888,358
1.4891,355
1.4425,349
1.4248,361
1.5351,352
1.4400,349
1.3301,352
1.4669,340
1.5304,341
1.4224,346
1.4261,350
1.6192,337
1.3625,356
1.5368,335
1.4912,356
1.5571,335
1.5273,350
1.2576,361
1.2033,370
1.4744,343
1.4491,362
1.3629,353
1.4720,348
1.3565,363
1.5063,333
1.3834,353
1.2074,372
1.4839,353
1.5549,338
1.6688,340
1.5774,324
1.4866,330
1.4755,352
1.2236,363
1.3603,355
1.2564,357
1.6082,353
1.4805,352
1.6200,350
1.4082,344
1.3207,358
1.4757,341
1.3670,352
1.4505,349
1.4596,336
1.4153,360
1.4022,360
1.4638,337
1.4602,348
1.3845,348
1.4289,335
1.3671,358
1.3810,348
1.2122,355
1.3816,357
1.5347,334
1.3863,348
1.5975,326
1.5518,356
1.4777,335
1.6237,315
1.3585,350
1.4734,345
1.4908,343
1.4256,350
1.4143,358
1.4534,344
1.4646,346
1.6220,340
1.4093,358
1.3011,362
1.3366,356
1.4985,351
1.4711,341
1.5048,339
1.6226,329
1.3554,349
1.5259,346
1.2408,368
1.6578,338
1.3275,356
1.5894,340
1.5874,329
1.3961,354
1.3608,361
1.4577,350
1.5365,339
1.3366,360
1.4072,352
1.6629,350
1.3904,362
1.5298,344
1.3300,352
1.2999,338
1.6428,336
1.5087,338
1.5891,351
1.4649,342
1.3794,358
1.3914,355
1.5352,345
1.4456,350
1.4504,337
1.3648,351
1.3659,358
1.4799,347
1.5341,343
1.6035,333
1.6156,344
1.4656,350
1.5844,342
1.2823,375
1.5842,345
1.3868,339
1.3802,359
1.4399,340
1.5944,344
1.5322,352
1.6616,339
1.4400,343
1.4892,353
1.3585,361
1.6322,332
1.3185,350
1.4560,332
1.5358,349
1.4060,357
1.4349,357
1.3723,367
1.4554,340
1.5735,338
1.2331,368
1.4027,337
1.3228,363
1.5692,331
1.3316,350
1.5846,332
1.3400,349
1.3981,348
1.2809,355
1.5715,345
1.4083,343
1.4780,355
1.3374,349
1.4070,353
1.5478,342
1.5209,332
1.6918,333
1.3948,361
1.5480,336
1.4135,346
1.5159,351
1.3723,357
1.4917,337
1.5540,342
1.4341,340
1.2709,361
1.4506,349
1.3260,360
1.6021,340
1.4412,352
1.3461,353
1.4516,330
1.5156,339
1.5457,347
1.4841,343
1.5797,335
1.5828,326
1.5018,344
1.4934,342
1.4109,364
1.5214,345
1.5155,361
1.2947,364
1.5497,349
1.4190,355
1.2999,351
1.6999,331
1.6217,338
1.4840,333
1.5844,338
1.3680,368
1.6237,347
1.6347,345
1.3285,351
1.3970,347
1.3949,349
1.5195,359
1.4164,339
1.5377,339
1.4284,344
1.6052,336
1.4181,368
1.5736,345
1.3065,375
1.2964,366
1.4719,352
1.4935,347
1.5265,343
1.3535,340
1.5322,344
1.2649,358
1.2999,368
1.3565,355
1.5964,363
1.5078,353
1.3343,362
1.3194,368
1.2254,364
1.5907,332
1.4115,355
1.5391,344
1.4548,346
1.4290,352
1.3965,350
1.3829,346
1.4528,348
1.3111,369
1.6985,340
1.3472,357
1.6163,340
1.4061,348
1.5069,342
1.5848,347
1.3788,343
1.4678,363
1.4843,349
1.2870,360
1.4230,359
1.1105,376
1.4558,342
1.3231,360
1.4854,336
1.4124,334
1.3410,355
1.3570,357
1.4735,355
1.4670,356
1.5191,339
1.5722,343
1.4932,353
1.3937,358
1.3036,362
1.3041,367
1.4430,338
1.5864,332
1.2951,358
1.4786,355
1.3855,348
1.4094,351
1.3785,359
1.5102,350
1.5045,357
1.7490,326
1.4620,351
1.4820,351
1.4796,355
1.4965,366
1.6567,341
1.6058,341
1.5812,355
1.7275,332
1.5351,345
1.4554,353
1.4455,342
1.4298,350
1.5231,347
1.5835,336
1.4716,350
1.3658,355
1.2338,368
1.5486,343
1.5164,341
1.4369,357
1.4512,354
1.5877,338
1.3654,343
1.5334,343
1.5017,348
1.5443,357
1.4116,338
1.4781,355
1.4615,349
1.3915,356
1.3910,336
1.5642,339
1.4845,343
1.3962,346
1.4743,340
1.3284,359
1.3882,339
1.4592,353
1.4721,350
1.4263,347
1.6454,331
1.5828,344
1.4807,355
1.5580,345
1.4201,345
1.2629,353
1.3435,371
1.3886,345
1.3642,333
1.5009,345
1.5364,336
1.3323,360
1.5871,341
1.6145,346
1.4753,338
1.4637,347
1.4826,344
1.4394,345
1.4168,345
1.4173,342
1.3810,353
1.5934,333
1.3751,339
1.3835,343
1.4833,343
1.5115,348
1.4729,357
1.3998,359
1.4289,346
1.4646,341
1.4125,343
1.5915,345
1.5112,347
1.4523,347
1.5408,342
1.5995,330
1.3609,349
1.4288,350
1.4441,345
1.5261,340
1.6057,345
1.3858,343
1.3272,371
1.3543,355
1.4591,347
1.3651,361
1.5519,344
1.3795,333
1.5345,349
1.3135,354
1.4665,319
1.6086,344
1.3430,354
1.6838,333
1.2590,358
1.7310,339
1.4218,349
1.5786,352
1.3038,362
1.5060,356
1.5128,357
1.4923,341
1.5945,337
1.4615,342
1.6256,336
1.3981,351
1.3988,356
1.4755,333
1.5104,334
1.4321,356
1.6029,332
1.5363,329
1.4462,348
1.3177,361
1.4628,349
1.4629,352
1.2866,350
1.3133,360
1.5609,345
1.4779,339
1.5529,337
1.4931,343
1.4061,355
1.4922,361
1.6992,328
1.4010,347
1.4578,342
1.5597,325
1.3483,363
1.6702,330
1.3964,356
1.3688,348
1.4944,350
1.7408,329
1.5141,338
1.4748,359
1.5340,344
1.4081,341
1.5569,345
1.5274,355
1.2270,368
1.4716,345
1.3546,360
1.4434,346
1.4790,349
1.5445,348
1.4863,356
1.4594,340
1.4547,332
1.6077,340
1.6212,336
1.4160,338
1.4268,355
1.5475,347
1.5556,336
1.4414,352
1.3911,347
1.4657,343
1.3574,355
1.6323,326
1.4737,355
1.4307,363
1.7041,342
1.2664,360
1.3882,347
1.4200,344
1.5982,339
1.3144,361
1.3795,345
1.3823,358
1.4976,339
1.4132,349
1.3626,365
1.5225,356
1.3448,354
1.4753,356
1.4449,352
1.5163,341
1.4033,345
1.4343,349
1.5579,341
1.4103,354
1.3053,364
1.3883,352
1.4976,340
1.3461,361
1.4694,342
1.5765,355
1.4110,348
1.4531,368
1.5591,339
1.2939,372
1.4043,354
1.4017,357
1.2714,366
1.3463,347
1.6008,337
1.6251,359
1.4388,352
1.5726,353
1.3941,350
1.6704,352
1.5186,341
1.4986,347
1.4479,335
1.4724,345
1.7884,334
1.2374,360
1.4995,349
1.3339,356
1.3375,349
1.5079,343
1.4169,349
1.3767,350
1.5744,342
1.3669,356
1.3740,345
1.5096,337
1.4758,349
1.4250,356
1.4856,348
1.4021,347
1.3555,349
1.4767,355
1.2147,370
1.4075,364
1.4495,343
1.4747,331
1.4519,345
1.5345,329
1.5732,350
1.6613,334
1.5001,350
1.5559,343
1.5011,359
1.3118,360
1.4934,355
1.5367,351
1.3201,357
1.5484,344
1.5437,347
1.3699,358
1.5632,351
1.4064,346
1.1003,387
1.5872,337
1.4990,348
1.2724,352
1.3722,365
1.3128,358
1.5099,341
1.3138,353
1.5115,344
1.3750,357
1.6874,342
1.5017,347
1.4655,349
1.3359,367
1.4278,363
1.3263,345
1.4775,351
1.5422,348
1.6685,336
1.4472,355
1.2239,370
1.3327,370
1.5624,350
1.4670,347
1.5753,334
1.4380,354
1.5455,344
1.4538,343
1.2467,369
1.3516,348
1.4507,348
1.3721,372
1.5467,345
1.5942,328
1.4128,354
1.4548,362
1.2739,371
1.4499,351
1.5873,346
1.5286,342
1.4561,354
1.5341,337
1.4259,346
1.5217,340
1.3619,358
1.3078,353
1.4369,341
1.2724,359
1.4752,344
1.4931,335
1.4166,343
1.4455,352
1.3273,373
1.4544,355
1.3123,350
1.2897,353
1.3823,363
1.3125,354
1.3531,347
1.6032,342
1.4336,368
1.4221,351
1.3869,348
1.3559,362
1.4051,353
1.5626,347
1.4518,343
1.4221,349
1.5400,348
1.5058,340
1.5549,355
1.4244,348
1.3350,372
1.4835,356
1.3932,370
1.5905,354
1.3043,343
1.4698,344
1.4648,349
1.5169,340
1.4302,358
1.8107,326
1.5962,338
1.4345,346
1.4836,347
1.3778,352
1.2803,365
1.5167,356
1.3197,362
1.5076,330
1.5864,345
1.5761,345
1.5407,344
1.4719,365
1.5312,363
1.3858,362
1.4194,358
1.4679,356
1.6119,345
1.5514,348
1.4570,347
1.5145,356
1.2977,366
1.3497,347
1.3280,346
1.3485,361
1.4282,355
1.3674,364
1.5515,335
1.3533,360
1.2937,354
1.6699,325
1.3916,359
1.4977,352
1.8023,332
1.6011,343
1.2493,376
1.4590,341
1.4531,352
1.5571,358
1.5451,324
1.5706,348
1.5033,333
1.3457,360
1.1320,373
1.4214,346
1.4437,342
1.4795,337
1.3586,356
1.5361,357
1.5156,338
1.3897,355
1.5191,344
1.5671,348
1.2231,361
1.5308,347
1.6670,351
1.6043,333
1.2710,364
1.3432,365
1.4038,349
1.3361,354
1.2674,347
1.5119,341
1.5517,339
1.4632,351
1.3266,363
1.5318,347
1.7188,329
1.4148,357
1.3720,349
1.3524,349
1.6566,340
1.5776,335
1.3801,358
1.2290,355
1.3833,359
1.4374,353
1.5073,356
1.3887,353
1.6212,348
1.4441,346
1.4020,355
1.5002,345
1.6306,333
1.2114,361
1.2953,355
1.4994,338
1.6508,336
1.5181,349
1.2845,352
1.3927,357
1.6640,348
1.4189,360
1.3911,345
1.4548,344
1.5514,348
1.3336,369
1.5491,340
1.3933,358
1.5859,351
1.4470,341
1.4452,356
1.4697,340
1.5057,331
1.4342,345
1.5778,350
1.3569,364
1.5925,349
1.5944,335
1.5080,344
1.4353,337
1.4135,349
1.5236,357
1.4126,344
1.7179,326
1.4981,345
1.4812,342
1.3811,353
1.6184,348
1.5706,347
1.5633,333
1.4159,351
1.7341,330
1.4604,350
1.4481,345
1.5279,340
1.4025,360
1.3863,352
1.4730,354
1.2724,361
1.4883,349
1.5132,324
1.4948,352
1.3348,357
1.7057,320
1.5992,327
1.2858,364
1.5523,341
1.6113,331
1.5007,346
1.4482,357
1.2901,365
1.4121,363
1.5884,352
1.3535,359
1.4017,344
1.4129,337
1.5453,329
1.3780,344
1.3849,359
1.3672,353
1.5268,357
1.5559,354
1.2290,362
1.6029,344
1.3781,347
1.1798,367
1.4329,371
1.3020,365
1.5586,340
1.4512,351
1.6039,346
1.3788,361
1.5592,358
1.5915,345
1.3512,357
1.4338,347
1.7289,339
1.4875,335
1.5393,341
1.4495,352
1.4884,353
1.3570,348
1.4163,355
1.6273,339
1.5748,335
1.4887,338
1.4979,344
1.7129,346
1.3832,360
1.5775,348
1.4603,348
1.3474,358
1.4802,346
1.5813,332
1.5121,335
1.3663,351
1.5573,344
1.4143,353
1.4114,362
1.4976,345
1.2799,364
1.5174,341
1.4477,358
1.7112,357
1.4610,342
1.4331,354
1.4972,334
1.5235,343
1.2520,377
1.5710,354
1.3861,352
1.4186,349
1.3089,352
1.5297,359
1.5417,338
1.4725,341
1.3811,358
1.3522,337
1.5793,353
1.2800,353
1.4948,355
1.4411,356
1.3520,359
1.3806,348
1.4071,349
1.5344,348
1.3031,360
1.5202,350
1.4295,348
1.3710,351
1.3206,369
1.5061,346
1.6701,344
1.3825,353
1.5103,338
1.4653,338
1.4437,354
1.4804,330
1.4073,352
1.5038,363
1.4918,365
1.5060,362
1.7239,329
1.7348,335
1.4167,368
1.3485,361
1.5502,338
1.2261,371
1.3182,370
1.4878,331
1.4277,357
1.4538,357
1.5920,347
1.7064,331
1.5893,341
1.4129,350
1.4431,369
1.4681,364
1.6254,334
1.6614,338
1.4634,344
1.3871,369
1.5011,350
1.4225,346
1.5008,348
1.4778,349
1.4904,347
1.3360,355
1.4908,346
1.5954,355
1.4072,340
1.5084,350
1.6585,339
1.4889,342
1.4370,351
1.5797,339
1.5192,346
1.4290,341
1.4639,356
1.5117,350
1.4710,371
1.3927,354
1.4771,338
1.6144,352
1.6519,350
1.3744,358
1.6095,335
1.7713,351
1.5690,339
1.4546,338
1.5024,355
1.3824,364
1.4800,345
1.4455,347
1.3787,359
1.5073,338
1.5295,340
1.4297,354
1.5364,340
1.6240,340
1.2793,357
1.3774,351
1.4886,345
1.7792,326
1.5150,344
1.5075,341
1.3628,354
1.3318,356
1.5634,321
1.4242,353
1.4283,346
1.3883,364
1.5559,338
1.3455,356
1.4948,355
1.5275,333
1.4113,350
1.4392,353
1.5141,355
1.5431,341
1.3743,345
1.3929,346
1.4187,360
1.3960,361
1.6185,329
1.4529,358
1.2766,372
1.3957,360
1.3166,357
1.3431,356
1.3680,361
1.3596,366
1.5239,340
1.6702,354
1.3967,367
1.4685,340
1.4289,342
1.7449,321
1.3383,350
1.3920,350
1.5904,350
1.6964,333
1.6949,325
1.4540,350
1.4483,361
1.5576,335
1.3518,348
1.5620,346
1.4196,355
1.6461,330
1.5689,348
1.5056,342
1.4685,355
1.3406,348
1.5754,344
1.4533,355
1.3531,368
1.4755,352
1.6786,330
1.3604,355
1.5430,342
1.5598,340
1.4447,352
1.2690,374
1.3834,350
1.4272,354
1.4465,352
1.3820,353
1.5237,361
1.4841,331
1.2969,370
1.6569,343
1.6894,329
1.5188,339
1.3167,357
1.5099,342
1.5532,361
1.4281,354
1.4214,361
1.4364,363
1.5838,349
1.3564,361
1.3945,356
1.4470,354
1.5047,349
1.3706,348
1.5488,340
1.7262,320
1.5375,351
1.4722,347
1.5983,345
1.5123,349
1.4461,348
1.3399,360
1.6462,351
1.3887,364
1.4444,353
1.5051,360
1.5898,334
1.6103,337
1.4391,351
1.3397,345
1.5927,353
1.3285,354
1.3790,366
1.3216,366
1.4946,359
1.5235,347
1.4615,363
1.4271,339
1.4925,356
1.5550,344
1.7445,330
1.4751,337
1.3381,379
1.4574,362
1.5799,335
1.2175,367
1.5412,352
1.7596,336
1.5574,351
1.4548,369
1.7623,337
1.6677,333
1.5156,359
1.5353,332
1.3126,356
1.7397,327
1.4457,354
1.6894,335
1.2664,358
1.6843,330
1.5708,349
1.2944,365
1.3444,363
1.6123,338
1.3772,360
1.5239,340
1.2634,362
1.4410,362
1.5118,343
1.4651,346
1.6570,340
1.3647,361
1.2934,361
1.5752,334
1.5689,336
1.5497,359
1.4959,347
1.4999,354
1.5830,330
1.4846,338
1.5090,346
1.2879,358
1.4841,349
1.7226,322
1.4862,341
1.6026,346
1.7247,328
1.5510,341
1.2225,367
1.5800,343
1.5277,337
1.5989,349
1.6371,342
1.4898,354
1.4583,345
1.3393,364
1.5529,344
1.4804,358
1.4471,345
1.6559,340
1.4949,358
1.1662,372
1.6429,327
1.5087,349
1.4988,356
1.4279,357
1.3572,359
1.5088,340
1.2441,373
1.6384,346
1.4700,345
1.3769,364
1.6641,318
1.4320,350
1.6931,343
1.5160,355
1.4089,354
1.4696,361
1.3780,359
1.6669,324
1.2396,369
1.2668,361
1.4166,347
1.4903,352
1.4565,351
1.6024,337
1.4519,362
1.4066,351
1.3237,356
1.2850,374
1.4323,351
1.3933,363
1.6168,349
1.4787,346
1.4224,348
1.5680,342
1.5480,355
1.5460,333
1.2857,358
1.4169,345
1.4721,344
1.5546,340
1.5832,328
1.5044,341
1.5595,347
1.2957,353
1.2297,358
1.5218,338
1.4128,370
1.7076,332
1.6849,336
1.3157,354
1.4347,351
1.4511,358
1.5199,349
1.4254,364
1.2326,363
1.4183,344
1.7000,351
1.5137,347
1.4104,365
1.4025,351
1.5204,364
1.8583,334
1.4404,357
1.3561,358
1.5665,337
1.5778,341
1.4326,356
1.5736,333
1.3127,359
1.5390,354
1.5930,341
1.4418,356
1.2774,362
1.3191,363
1.2937,360
1.3813,366
1.4970,344
1.3600,363
1.6255,336
1.3547,349
1.4496,353
1.3598,352
1.4715,353
1.4257,352
1.3707,350
1.3244,360
1.5835,329
1.3493,355
1.6139,351
1.4309,350
1.2710,367
1.3515,355
1.3251,347
1.4610,353
1.5250,352
1.6172,344
1.6273,336
1.3847,349
1.4540,341
1.4841,338
1.4718,335
1.5122,346
1.5222,347
1.5791,347
1.6044,362
1.5152,345
1.4820,343
1.8398,328
1.3199,359
1.4089,343
1.2536,367
1.5014,354
1.3477,361
1.4106,363
1.3520,354
1.4730,352
1.4898,356
1.6119,347
1.4999,341
1.4292,351
1.3333,360
1.3074,348
1.4360,354
1.4817,344
1.4945,345
1.6377,351
1.5264,362
1.3600,364
1.5278,352
1.3716,342
1.6077,337
1.4609,357
1.3886,348
1.4132,353
1.3619,342
1.5806,356
1.4326,357
1.4156,360
1.5140,349
1.4050,356
1.3564,356
1.4210,351
1.3734,364
1.4544,359
1.7463,343
1.7732,348
1.3818,370
1.3117,351
1.6162,327
1.3858,363
1.3410,370
1.4901,348
1.4418,359
1.4087,360
1.5132,351
1.5287,339
1.5592,364
1.5209,353
1.3233,371
1.3887,362
1.4821,348
1.2213,373
1.6772,333
1.2396,372
1.3223,353
1.4901,358
1.4615,354
1.4114,342
1.6033,347
1.5270,357
1.4890,348
1.1362,382
1.5563,349
1.5968,346
1.5025,343
1.5884,347
1.4828,345
1.1913,375
1.3271,361
1.4755,343
1.3492,374
1.4985,342
1.2803,370
1.5165,353
1.4902,350
1.5071,343
1.3473,349
1.3248,361
1.4333,356
1.4117,359
1.4018,361
1.3920,359
1.3903,338
1.6405,341
1.4744,343
1.3879,346
1.2612,371
1.3994,354
1.5529,337
1.5118,352
1.3672,354
1.5299,337
1.5544,346
1.3973,350
1.3288,365
1.4664,346
1.4435,347
1.8790,329
1.3208,363
1.3971,361
1.6376,334
1.5180,356
1.5296,351
1.3680,354
1.3758,348
1.5752,349
1.4648,346
1.4706,356
1.5778,341
1.3865,342
1.5671,357
1.4562,354
1.5477,340
1.4064,359
1.3956,349
1.3981,354
1.4406,350
1.4062,349
1.4509,360
1.4701,349
1.4784,344
1.5039,351
1.4511,358
1.3431,360
1.6400,343
1.5100,340
1.4588,357
1.5654,336
1.4780,350
1.3680,349
1.4671,347
1.3941,364
1.5116,346
1.6204,348
1.4910,366
1.4039,357
1.5321,349
1.5363,356
1.4868,345
1.6039,336
1.5054,348
1.6237,334
1.4794,339
1.5600,330
1.4935,350
1.4729,368
1.4992,354
1.5984,332
1.4376,350
1.2492,365
1.4345,349
1.5698,347
1.4582,361
1.4990,343
1.5384,335
1.5173,346
1.4036,333
1.4048,351
1.5039,350
1.7025,328
1.5014,342
1.5294,354
1.3384,374
1.5340,347
1.5712,351
1.4377,358
1.3668,363
1.7560,339
1.7100,344
1.4344,353
1.4967,354
1.4340,341
1.5614,346
1.4568,358
1.4292,349
1.4356,353
1.4775,346
1.5448,356
1.7118,344
1.4104,353
1.4067,353
1.4854,345
1.5671,343
1.6383,342
1.5468,358
1.6135,341
1.4128,355
1.6582,339
1.5514,339
1.4707,348
1.5873,354
1.2337,353
1.4611,347
1.3117,358
1.2794,365
1.5633,355
1.4508,359
1.5508,341
1.3398,352
1.4537,343
1.5431,348
1.4988,339
1.7547,335
1.5908,339
1.3565,361
1.5109,350
1.4496,354
1.4975,350
1.6834,327
1.6089,337
1.3910,345
1.5370,358
1.4365,360
1.5071,356
1.5489,349
1.4707,367
1.3075,357
1.5988,354
1.5657,345
1.6058,343
1.5745,341
1.4689,359
1.3943,373
1.4450,357
1.4290,355
1.2875,362
1.6789,343
1.3731,340
1.5147,352
1.5085,336
1.3604,367
1.3553,353
1.4408,346
1.5099,362
1.6297,344
1.6346,339
1.2834,358
1.4668,361
1.3077,358
1.5681,354
1.4676,350
1.4115,350
1.3927,356
1.4870,346
1.5047,353
1.5145,357
1.6203,354
1.2521,369
1.5059,340
1.6587,360
1.4620,362
1.4542,342
1.5919,337
1.4787,345
1.4530,365
1.4160,343
1.3473,354
1.4598,344
1.3216,358
1.3701,358
1.3522,366
1.4324,358
1.3730,360
1.5225,345
1.3622,351
1.4165,359
1.2247,364
1.4920,348
1.4711,338
1.6501,345
1.5103,341
1.5369,353
1.5010,345
1.5453,351
1.4094,354
1.3891,366
1.3892,348
1.6483,334
1.5188,345
1.5333,345
1.4366,358
1.5985,336
1.6279,331
1.3808,353
1.4221,352
1.5125,354
1.3475,369
1.5486,355
1.5797,346
1.3874,366
1.5154,358
1.4749,366
1.4537,357
1.4514,359
1.3323,350
1.5576,342
1.4685,355
1.5297,355
1.6326,344
1.3955,364
1.6862,343
1.4581,351
1.4616,342
1.5359,352
1.5636,338
1.3439,360
1.4640,361
1.4127,346
1.4139,345
1.5016,351
1.5316,352
1.6759,334
1.7304,332
1.4139,350
1.5698,334
1.4555,357
1.4920,350
1.5251,347
1.5713,339
1.5425,355
1.4021,352
1.5993,333
1.5271,344
1.6462,338
1.2029,372
1.5432,349
1.5953,338
1.4617,345
1.6191,330
1.5558,349
1.5672,356
1.4493,349
1.5921,343
1.3138,356
1.5966,346
1.5121,348
1.3838,348
1.4978,366
1.4486,347
1.5618,342
1.4681,349
1.4474,351
1.6505,326
1.3406,368
1.5879,342
1.4184,371
1.6479,330
1.5751,350
1.5025,354
1.3673,362
1.4169,357
1.5655,354
1.5935,349
1.5886,361
1.4643,345
1.4877,354
1.6348,366
1.5300,342
1.8227,340
1.4148,357
1.6280,339
1.4291,353
1.4207,354
1.4199,348
1.3935,349
1.6218,345
1.5979,343
1.4967,357
1.5366,348
1.5407,335
1.4050,365
1.3487,356
1.5029,342
1.6338,330
1.5520,349
1.4848,348
1.6466,343
1.3124,352
1.5824,335
1.4085,367
1.5870,334
1.6034,355
1.4497,363
1.4601,345
1.5581,347
1.3788,355
1.5740,348
1.3749,379
1.5042,355
1.5646,346
1.3875,350
1.5502,350
1.2848,353
1.3966,347
1.5656,346
1.5771,337
1.4150,364
1.5069,347
1.4183,343
1.5263,356
1.4981,352
1.5787,344
1.6452,341
1.3996,359
1.2985,370
1.3995,350
1.3634,352
1.3182,372
1.4267,343
1.5178,358
1.3321,367
1.3623,360
1.3347,362
1.5175,356
1.5184,350
1.5531,338
1.7252,338
1.3529,352
1.3592,353
1.6018,339
1.6445,334
1.5113,355
1.6882,345
1.6831,342
1.4975,356
1.5199,338
1.6480,340
1.5038,353
1.5464,340
1.5792,352
1.5455,350
1.5315,353
1.6464,344
1.4696,341
1.5033,344
1.4487,371
1.5452,337
1.5447,352
1.4937,358
1.4358,363
1.6543,348
1.6675,349
1.3520,374
1.4096,367
1.5757,334
1.4214,353
1.4545,358
1.5883,339
1.3836,356
1.4520,343
1.3011,355
1.6294,339
1.6324,331
1.6102,346
1.6508,340
1.2681,380
1.3903,345
1.4563,362
1.3793,352
1.6067,345
1.5515,349
1.3715,371
1.5047,333
1.4640,340
1.8202,327
1.4769,342
1.5956,338
1.6210,337
1.3685,352
1.3078,355
1.5847,350
1.4880,352
1.8459,331
1.7939,330
1.7767,332
1.6092,333
1.8266,332
1.6411,346
1.4247,350
1.8121,321
1.6045,353
1.7866,335
1.8014,313
1.7246,322
1.9082,316
1.8185,312
1.7333,310
1.7855,323
1.7521,329
2.1803,208
