1.8089,278
1.6701,294
1.6918,304
1.6886,305
1.6585,318
1.5864,313
1.6428,297
1.7102,309
1.7248,296
1.7528,295
1.5456,302
1.5711,301
1.6150,302
1.5308,317
1.6218,302
1.5574,312
1.6092,297
1.8473,271
1.6995,298
1.6947,294
1.6971,279
1.5052,323
1.6544,308
1.5716,294
1.7941,283
1.7279,291
1.6872,288
1.5712,295
1.7854,277
1.6699,290
1.6558,282
1.7483,293
2.0457,256
1.7721,284
1.8386,285
1.6435,290
1.8509,281
1.9284,282
1.6646,289
1.7622,289
1.8935,282
1.8858,276
1.8148,285
1.7154,296
1.6752,293
1.8855,275
1.7363,290
1.7438,295
1.7701,287
1.9104,261
1.8879,289
1.8107,284
1.6907,294
1.5742,296
1.8130,287
1.8522,277
1.7012,303
1.8348,296
1.8491,280
1.7907,294
1.9151,273
1.8048,286
1.8566,270
1.8427,277
1.9419,273
1.8246,282
1.8974,277
1.7892,295
1.9488,273
1.9830,277
1.6948,301
1.8861,289
1.8799,266
1.8805,274
1.9340,273
1.8285,267
1.8941,289
1.7235,285
1.6900,305
2.0213,261
1.7614,296
1.9006,285
1.8612,286
1.8431,280
1.8523,288
1.9569,279
1.8090,269
1.7934,299
1.9229,291
1.7448,304
1.8243,293
1.9379,272
1.8899,291
1.8156,300
1.8055,301
1.8067,279
1.9658,278
1.9029,295
1.7898,303
1.8216,291
1.9448,282
1.8094,294
1.8778,287
1.8467,283
1.9085,287
1.8528,288
2.0226,269
1.8852,287
1.8500,291
2.1199,263
1.8623,284
1.7759,307
1.8559,295
1.8937,288
2.0407,273
1.8289,299
1.8579,279
2.0485,271
1.6606,314
1.7740,308
1.8941,285
1.9326,297
2.0230,269
2.0328,276
1.9730,276
1.9422,262
1.9228,287
1.9034,288
1.8776,286
1.9235,295
1.9295,275
2.0003,289
2.0872,274
1.9584,267
1.8322,295
2.0461,287
2.0157,276
1.8137,286
2.0825,262
1.9573,284
2.0268,281
2.0024,275
2.0414,291
1.9179,284
1.7832,298
1.8779,294
2.0150,280
1.8563,297
1.9868,272
2.0596,279
2.0102,284
2.0761,269
1.8902,292
2.0064,285
2.0225,272
2.1215,278
2.0336,267
2.0356,273
1.9084,292
2.0140,278
1.7707,301
1.7625,310
1.8758,292
1.7210,308
2.0199,279
1.9614,281
2.1893,274
2.0313,286
1.7924,297
1.9569,288
1.8129,282
2.0326,282
2.0623,284
1.8799,297
2.0510,283
1.9665,287
2.0513,279
1.9911,276
1.9189,292
2.0371,261
2.0128,285
1.9884,280
2.2999,261
2.0435,278
1.9961,283
1.7842,315
1.9605,274
1.9684,291
1.9890,279
2.0681,279
1.8936,300
2.1478,272
1.8744,288
1.9043,288
2.0301,279
1.9348,258
2.3266,256
2.0476,285
2.0508,276
2.1740,273
1.9650,278
2.0526,277
2.1493,257
2.1424,273
2.1005,292
1.9498,304
1.9614,289
2.1288,274
2.1918,270
2.0406,260
2.1242,283
1.9819,297
2.2451,256
1.9787,287
1.8881,285
2.0448,290
2.0502,276
1.9957,275
2.0237,293
2.0289,280
1.9896,283
1.9542,284
2.1025,292
2.1450,261
2.1357,264
2.0755,282
2.1058,290
1.9798,286
2.1154,254
2.1171,263
2.0928,287
2.0477,272
2.0989,293
2.0243,277
1.9821,289
2.1409,271
2.1210,290
1.9800,281
2.1314,269
1.9463,299
2.1378,280
2.0636,278
1.9740,304
2.0200,284
2.1292,271
2.2500,278
1.9497,275
2.1541,262
2.0639,295
1.9052,298
2.0977,285
2.1594,270
2.0098,271
2.3218,259
1.8631,312
2.1819,275
2.2007,259
2.0806,281
1.9551,286
2.0157,296
2.3375,262
2.1873,273
2.2045,266
2.0524,283
2.1182,280
2.2656,252
2.1699,294
2.0512,289
2.1857,264
2.1215,286
2.3233,258
2.0220,286
2.1614,284
1.8644,297
2.0316,293
2.0610,274
2.0986,261
2.1814,278
1.9558,293
2.0183,289
2.0683,269
2.3267,260
1.9766,291
2.1661,275
2.1155,282
2.0649,287
2.1448,289
2.0806,279
2.1885,265
2.2215,260
2.1474,274
2.1582,281
1.9688,282
2.0433,278
2.0496,292
1.9194,295
2.1616,277
1.9531,296
2.0664,272
2.1426,269
2.0999,281
2.1304,274
2.0172,282
2.0845,286
2.1676,285
1.9165,298
2.1745,268
2.0385,283
2.1320,269
2.1730,276
2.1814,283
2.0349,264
2.1425,290
2.1471,280
2.0659,268
2.2661,264
2.0324,287
2.1047,284
2.3261,275
2.3585,258
2.0209,284
2.2391,270
2.1523,284
2.1857,270
1.9716,289
1.9216,300
2.1890,284
2.1475,280
2.1767,266
2.0267,299
2.3263,270
2.0415,283
2.1552,281
1.9976,285
2.0775,288
2.2704,275
2.1205,290
2.1083,287
2.2234,268
1.9714,291
2.0681,296
2.1657,266
2.1069,283
2.1283,283
2.1257,282
2.1106,286
2.0171,298
2.2517,272
2.2962,265
2.0195,301
2.2695,276
2.0769,284
1.8919,288
2.0863,277
2.1778,272
2.1242,269
2.2216,255
2.2701,273
2.2717,284
2.2514,254
2.2122,269
2.2545,263
2.1615,269
2.3158,280
2.0484,279
2.1668,276
2.1263,265
2.2032,267
2.0393,285
2.2025,266
2.1118,285
2.2878,258
1.9317,290
2.1426,287
2.0297,286
2.0580,276
2.1648,292
2.2198,274
2.2985,256
2.1968,286
2.1750,263
2.2061,273
2.1541,272
2.4060,268
2.1543,268
2.0607,290
2.1488,262
2.1295,278
2.0454,285
2.0953,286
2.0446,292
2.0011,292
2.0887,292
2.0350,282
2.1920,268
2.0713,285
2.3217,267
2.2034,259
2.0498,276
2.1018,290
1.9272,296
2.2413,286
2.2301,278
1.9831,293
2.1358,273
2.1899,292
2.0471,292
2.3423,268
2.2595,281
2.0585,277
2.0333,290
2.1483,278
2.1288,273
2.3219,286
1.9671,299
1.9453,299
2.1182,286
2.0284,301
2.2241,289
2.2667,267
2.1543,286
1.9963,275
2.2005,275
2.0899,283
2.2159,267
2.2622,278
2.1900,280
2.1245,291
2.1964,284
1.9302,316
2.3424,273
2.2472,269
2.0302,292
2.1294,280
2.2296,282
2.1723,264
2.1348,278
2.1047,286
2.1858,271
2.1580,277
2.2125,284
1.9211,293
2.1547,271
2.2170,265
2.1887,271
1.9737,301
2.3301,270
2.0452,298
2.2476,273
2.2800,277
2.0929,276
2.1784,293
2.0351,294
2.0641,271
2.1352,272
2.0778,274
2.0355,298
2.0434,286
2.1461,289
2.3442,284
2.0944,283
2.2776,263
2.3792,279
2.0310,285
2.2943,272
2.2255,274
2.2230,269
2.1090,291
2.1761,288
2.2305,272
2.3365,275
2.1062,285
2.0389,280
2.1820,284
2.2786,265
2.2347,274
2.1500,260
2.2485,282
2.2288,276
2.2432,273
2.1912,265
2.2341,280
2.0773,277
2.1193,287
2.1065,280
2.0041,293
2.2186,279
2.1702,261
2.3644,274
2.4299,270
2.2407,265
2.1175,285
2.0505,294
2.1757,276
2.1236,280
2.4255,265
2.0582,298
2.2589,269
2.0714,294
1.9547,299
2.3018,263
2.1926,290
2.2748,272
2.1568,287
2.3449,273
2.1237,293
2.2364,276
2.1934,268
1.9343,295
2.2967,271
2.3882,285
2.2313,276
2.0451,295
2.1239,286
2.0829,284
2.0942,299
2.0771,288
2.4198,263
2.0668,299
2.1650,266
2.2111,274
2.1150,295
1.9141,301
2.2215,285
2.1449,285
2.0710,298
2.3913,268
2.1337,266
2.2844,277
2.0602,280
2.1732,289
2.1997,271
2.3181,293
2.0151,302
2.3812,262
2.0350,291
2.2749,280
2.0275,290
2.0707,295
1.9911,279
2.2112,274
2.0917,301
2.0238,299
2.1029,290
2.1462,297
2.4953,277
2.0418,300
2.3311,272
2.0538,289
2.1698,286
2.3188,279
2.1091,300
2.1799,286
2.3500,271
2.3005,276
2.1232,284
2.2599,280
1.9939,309
2.1128,295
2.2301,260
1.9903,299
2.0170,292
2.1922,259
2.1579,287
2.0971,285
2.1728,286
2.1121,266
2.3186,278
2.1895,300
2.0178,288
2.3736,281
2.0122,303
2.0115,290
2.1036,294
2.3171,273
2.2377,282
2.2590,276
2.0377,266
2.0653,310
2.3676,255
2.1910,281
2.0031,286
2.2204,286
2.2912,271
2.1042,283
2.1605,285
2.2108,278
2.2553,267
2.2655,300
2.0100,290
2.1819,273
2.3265,276
2.3348,275
2.3193,276
1.8767,296
1.9641,301
2.1591,284
2.1888,265
2.2064,281
2.1922,290
2.2180,287
2.2827,276
2.3552,292
2.1329,283
2.3383,278
2.1711,281
2.2388,269
2.2050,288
2.0288,271
2.1545,286
1.8498,299
1.9124,313
2.2524,282
2.0750,299
2.0402,287
2.3548,268
2.1529,271
1.9841,276
1.9365,305
2.0234,290
2.2104,286
2.3059,272
2.1656,273
2.1072,291
1.8754,306
2.1621,275
2.2018,282
2.3693,270
2.2077,281
2.1760,275
2.0843,296
2.1858,281
2.1304,275
2.1406,279
2.2505,277
2.0689,280
1.9685,298
2.2963,285
2.2282,296
2.1262,296
2.2370,280
2.3615,269
2.1710,298
2.1084,279
2.2637,264
2.2994,269
2.3190,279
2.1034,300
2.1180,270
2.3155,274
2.3463,279
2.2410,270
2.0221,306
2.0785,278
2.1793,279
2.1143,285
1.9316,295
2.1902,278
2.0495,269
1.9431,306
1.9699,298
2.0365,278
2.1539,284
2.0989,278
2.1273,288
2.3468,282
2.1180,289
2.2655,281
2.2845,282
2.2080,282
2.3013,285
2.2707,281
2.2212,290
2.2746,277
2.3303,275
2.3795,266
2.1896,291
2.1504,298
2.0417,292
2.1949,292
2.0962,293
2.1940,286
2.1732,287
2.3487,284
2.1109,284
2.1709,292
1.9565,311
2.3628,261
2.1844,277
1.9787,285
2.0468,281
1.9915,290
1.9683,299
2.3766,266
2.1662,287
2.2474,287
2.1601,273
2.1898,291
2.2782,283
2.1599,295
1.9630,287
2.1695,287
2.0887,292
2.0512,287
2.1494,289
2.1347,275
2.1308,273
2.1553,272
2.3412,265
1.9237,311
1.9299,303
2.1571,290
2.2789,261
2.1175,268
2.3505,257
2.3322,275
2.1281,280
2.1504,291
2.2882,289
1.9537,297
1.9976,285
2.1690,290
2.2588,271
2.0365,288
1.9418,294
2.2671,283
2.1148,293
2.1768,281
2.2061,276
2.1977,286
2.1483,285
2.0651,316
2.3434,294
2.1033,279
2.0840,310
2.1034,294
1.9702,294
2.0451,283
2.0106,290
2.2648,286
2.0096,295
2.2786,289
2.1053,288
2.2858,280
2.3946,252
2.0965,291
2.1874,292
2.1129,281
2.0674,297
2.1594,290
2.3028,274
2.2098,266
2.3041,286
2.0566,299
2.4791,251
2.2151,274
1.9813,305
2.0215,290
2.1120,292
2.1240,289
2.1268,287
2.2915,284
2.0363,279
1.8805,294
2.1890,283
2.2488,277
2.0467,284
2.1724,297
2.2709,284
2.1088,288
1.9668,292
2.3243,278
2.0130,300
2.1240,294
1.9551,299
2.0579,290
2.1868,274
2.0975,296
2.2125,272
2.0922,281
2.2645,287
2.0143,287
2.1564,286
1.9921,293
2.2792,282
2.3556,307
2.1129,275
2.3060,278
2.2394,273
2.2855,270
2.1166,274
2.1407,282
2.1397,286
2.1528,275
2.2708,284
2.1001,286
2.3254,257
2.0654,288
2.2427,274
2.2534,291
1.9033,303
2.1114,289
2.1351,296
2.0476,291
2.0032,303
2.0406,292
1.9814,299
1.9857,304
1.9589,298
2.2453,287
2.0882,295
2.2479,280
1.9659,296
2.0969,285
2.2367,290
1.9844,298
2.1368,284
2.0440,294
2.3762,260
2.2926,278
1.9649,305
2.0172,294
2.1079,278
2.2900,281
1.9631,312
2.0503,281
1.9011,304
2.1387,274
1.9844,296
2.2512,278
2.2287,280
2.2488,274
2.2048,277
1.9636,301
1.9622,296
2.1108,279
2.1640,292
2.0146,285
2.2541,281
2.0747,287
2.3958,266
2.0550,292
1.8611,308
2.1717,280
2.3625,265
2.0590,302
2.0355,275
2.2104,276
2.0433,281
2.2288,279
2.2036,285
2.2618,264
2.1280,281
2.3141,279
2.1560,277
1.9755,289
2.1203,287
2.1731,286
1.9331,293
1.9722,300
2.0167,306
1.8843,300
1.9624,296
1.9659,288
2.1184,287
2.0240,295
2.2349,280
2.1037,279
1.9782,299
1.8815,313
2.0299,280
2.1154,278
2.2938,278
1.9956,285
2.0844,285
2.1230,290
2.1079,288
1.9255,298
2.1379,275
2.0146,298
2.0587,290
2.0723,282
2.0670,294
2.1073,298
2.1877,312
1.9861,307
2.1301,292
2.1579,316
2.1007,306
2.2008,280
1.8579,307
2.2770,279
2.1268,281
2.3235,271
1.8713,313
2.2690,274
2.0540,309
2.3161,278
2.1693,279
2.1641,298
2.2228,282
2.1107,287
2.0644,282
2.0294,273
2.0735,271
1.9143,313
2.1034,282
2.0319,298
2.1375,294
2.1422,287
1.9174,313
2.1520,279
2.2943,291
1.7585,324
2.1069,289
2.0976,287
2.0331,296
2.0732,294
2.1371,270
2.0918,287
2.3433,274
2.0660,295
2.1025,274
2.2514,277
2.0599,286
2.3081,285
2.0088,295
1.8721,285
2.3105,267
2.3441,292
2.0213,307
1.8772,302
2.0679,304
1.7972,305
2.3337,270
2.4141,280
2.1138,275
2.2100,284
2.2466,274
2.1032,296
2.2435,289
2.2146,279
2.0713,287
2.0511,302
2.1252,288
2.1636,285
1.9621,303
2.0758,276
2.1945,282
2.2478,266
1.9982,303
2.1366,287
2.0480,283
2.0521,291
2.1728,289
2.2527,280
2.2437,278
2.1810,279
2.1287,283
2.3512,284
2.1098,274
1.9819,287
2.1722,269
2.0529,297
2.3382,288
1.9272,299
2.3958,280
2.0092,298
2.2719,281
2.2786,284
2.1770,273
2.2483,273
2.1787,288
1.8796,287
1.9604,304
2.1066,285
2.1810,285
2.1811,267
2.0122,289
1.9798,306
2.0757,289
2.2698,283
1.9685,319
2.0932,299
2.2704,280
2.2106,269
2.2402,277
2.0651,281
2.1621,270
2.2832,280
1.8378,316
2.2525,289
2.3835,292
2.4260,252
2.2368,287
2.0585,304
2.1546,269
2.1032,282
2.1634,283
1.9720,299
2.1411,279
2.0798,271
1.8300,310
2.3180,270
2.1438,277
1.9289,304
2.0128,280
2.2289,284
2.1392,292
1.9410,299
1.8764,296
2.0067,277
1.7732,317
2.2110,280
2.1313,279
2.0899,287
2.1810,302
2.1588,284
2.0507,298
2.0748,281
2.0976,287
1.8924,298
1.9472,294
2.2059,296
2.0678,283
2.1183,305
2.0011,297
2.1342,277
2.1059,294
2.2439,290
2.1414,296
2.0286,289
2.1437,297
2.0668,282
1.8653,301
2.0043,305
2.1515,274
2.1041,289
2.1745,293
2.0016,279
2.1202,291
1.8501,296
2.0201,290
2.1058,285
1.8740,303
1.8960,315
2.0660,300
1.9395,305
2.0166,298
2.0428,302
2.1118,296
2.2188,291
2.1879,287
2.0886,294
1.9747,302
2.0264,290
2.1395,283
1.9708,297
1.9758,293
1.9776,288
2.2251,293
2.0384,287
1.9091,287
2.1342,281
1.9443,314
2.1399,292
2.2168,301
2.0253,290
2.0121,308
2.1521,284
2.0465,295
2.0158,302
1.9719,291
1.9760,299
2.2219,282
1.9708,295
2.0130,300
2.1514,287
1.8888,288
2.0767,287
2.2434,280
2.0894,281
1.8435,319
1.8407,298
2.2273,278
2.3047,271
2.0753,278
2.1704,292
2.0657,284
1.9120,298
2.0781,290
2.1715,287
1.8271,311
2.1392,287
2.0967,299
2.1768,285
1.8530,310
2.1849,283
2.0471,305
2.1825,278
2.0824,288
2.0211,294
2.2683,276
2.0669,288
2.1929,285
2.3205,279
2.0821,298
2.2012,274
2.0268,289
2.2232,292
1.9642,284
1.9843,290
1.9660,287
1.9742,314
1.9923,289
2.1347,295
2.1800,290
2.1037,289
1.9937,286
1.9840,297
2.0549,293
2.1717,279
2.0512,290
1.9952,302
1.8275,305
2.3615,287
2.0743,279
1.8993,301
1.9858,298
1.8545,303
2.1641,279
2.1498,286
2.1436,293
2.1866,276
2.0622,302
1.7665,309
2.0582,283
1.8738,309
1.9857,308
1.9856,310
1.9196,294
1.9818,303
2.2320,275
1.7657,331
2.1520,298
2.0894,292
2.2015,281
1.9711,308
2.1846,258
1.9283,275
1.9470,296
2.1302,296
2.3861,288
2.0658,292
1.9643,306
2.1230,290
2.0838,295
2.1490,298
2.0004,297
1.9781,300
2.1489,286
2.0601,296
1.9886,295
1.9005,297
1.9437,304
1.9084,297
2.0588,294
2.2595,268
2.0152,284
1.8627,291
1.9588,305
2.1313,278
1.9994,314
1.8339,311
2.1914,298
1.9832,303
2.1246,283
1.9150,305
2.0331,298
1.8644,302
1.9941,293
2.0202,295
2.0367,287
1.9930,298
2.1721,284
2.1434,275
1.9791,305
2.0531,291
2.2173,291
2.1322,296
1.9251,299
1.9867,285
2.0351,267
2.2918,274
1.9604,301
1.8966,297
1.8518,316
2.1016,289
2.1385,297
1.9116,309
1.9408,296
1.9859,309
2.0697,290
2.0654,295
2.0209,290
2.0150,302
2.0170,305
1.9365,325
2.0990,296
2.0396,294
2.0240,284
2.0710,286
2.1370,300
1.9184,306
2.1111,291
2.1368,295
2.0913,304
2.0451,299
1.8976,298
2.0753,295
2.0864,289
2.0205,295
1.9520,279
2.0266,293
2.2045,272
2.0835,293
2.0272,278
2.1826,282
2.1623,292
2.0464,278
2.0653,304
2.0081,297
2.2976,269
2.1090,281
2.0252,291
2.2424,282
2.1621,295
2.0715,297
1.7678,304
2.3078,282
2.0577,294
2.0742,285
2.1847,267
1.9512,302
1.9978,305
2.2398,300
2.1937,284
2.0347,306
2.1471,288
1.9745,301
1.9263,293
2.1911,299
1.8625,312
2.0052,293
2.2067,289
2.1593,285
2.0553,302
1.9930,288
2.1534,294
2.0610,307
2.1336,279
1.8737,286
2.4921,286
2.1926,280
2.0064,284
2.0070,293
2.0741,292
2.1198,295
2.0373,293
2.2168,280
2.0627,286
1.9842,297
1.9853,308
2.0209,308
1.9001,297
1.8552,295
1.9515,285
2.0533,282
2.0237,292
2.2382,292
2.0623,289
1.8606,312
2.0675,293
1.9422,296
1.9961,300
2.0199,295
2.0706,285
2.1304,302
2.0034,306
1.8808,294
2.0951,291
2.2430,279
2.1228,277
1.9042,303
2.0946,290
1.9505,287
2.1647,293
2.1271,278
1.9261,295
1.8858,299
1.8904,309
2.0996,294
2.1303,302
1.8712,306
2.2159,278
1.9016,292
2.1445,294
1.8819,305
2.0537,284
2.2347,287
2.0222,306
2.0507,290
2.3344,280
1.8913,286
2.3052,286
2.1648,276
1.9826,285
1.9664,292
1.9050,294
2.1151,290
2.0070,291
2.0102,290
2.0908,309
2.2459,284
2.0838,294
2.2486,279
1.8372,295
1.8995,302
2.0482,300
2.1050,301
1.9520,288
1.7774,328
1.9489,310
2.2235,275
2.1198,285
1.9263,300
1.8577,310
2.0164,308
1.8062,310
1.9984,295
2.1541,284
1.9473,305
2.0878,303
1.9022,301
2.2331,303
1.9765,303
1.8024,300
1.9534,298
1.8948,307
2.0459,288
2.1607,291
2.0939,283
1.9049,301
2.0201,304
2.1912,283
2.1411,290
2.0935,292
2.0605,293
2.0687,295
2.0816,292
2.0813,300
1.9455,318
1.9823,301
2.1158,292
2.0935,300
1.9573,288
1.8644,297
2.1738,283
1.9500,300
2.2845,285
2.0748,297
2.1382,287
2.1302,293
2.0007,304
2.2333,284
2.0277,299
2.1356,288
1.8989,298
1.9587,310
2.1920,295
1.7745,308
2.1611,279
1.8631,295
1.9418,310
2.0630,307
1.8077,318
2.0361,294
2.1782,300
1.9117,311
1.8148,308
1.9700,302
2.2824,288
1.9664,289
2.0427,283
1.9759,295
2.0018,310
1.8568,299
1.9810,294
1.9062,298
1.9688,309
2.1927,303
2.1002,294
2.0471,300
1.8131,314
1.7898,318
1.8982,316
2.1643,300
2.0405,297
1.9095,303
2.0490,308
2.1004,289
1.9526,301
1.8884,310
2.0924,282
1.9070,300
2.0924,290
1.8087,311
2.1430,288
2.0497,298
1.8652,303
2.2138,281
1.8336,307
1.9417,293
2.1175,291
1.9881,289
2.1522,293
2.1118,290
1.9481,290
2.0657,292
2.2724,282
2.0625,308
1.9836,312
1.9767,305
1.8971,302
2.1571,290
2.1904,291
1.9559,313
1.7780,318
1.8027,308
1.9190,308
1.9057,316
1.7119,322
1.8510,310
1.6473,321
1.8815,306
2.1024,279
1.9582,302
2.0461,298
1.8559,311
2.0601,300
1.8925,303
2.0214,291
1.9209,312
1.9028,308
2.0385,306
1.9697,297
2.0537,287
1.9964,307
1.9851,309
2.2599,280
1.9606,289
1.8644,295
2.1400,290
1.8551,316
1.9478,313
2.0561,292
1.9485,292
2.0433,286
2.1148,297
1.9232,310
1.9947,294
1.9553,295
2.1221,296
1.8971,305
2.0336,285
1.9883,308
1.8230,299
1.8785,311
2.0675,282
2.1051,284
1.9108,307
2.0476,302
1.9318,304
2.0776,291
2.3618,275
1.8279,301
1.8663,305
1.9638,298
1.9580,305
2.0209,310
2.0253,295
2.0356,308
2.4196,277
1.8731,299
2.0974,288
1.9419,303
2.0376,302
1.8418,316
1.9655,309
1.8773,309
1.9118,285
1.8777,305
2.1755,285
1.9190,312
1.8224,313
1.9986,302
1.9679,307
2.0434,291
2.1234,288
1.8596,307
2.0579,296
2.1931,293
1.9970,289
2.2372,282
1.9283,317
2.1833,304
2.1357,302
1.9436,318
1.8293,314
1.8096,308
1.7728,318
2.0897,282
1.8319,308
2.1952,287
1.9170,307
1.8524,305
1.8566,294
1.8905,308
2.0377,285
2.0538,283
2.0630,294
1.7582,301
1.9839,299
2.0093,301
2.0021,312
1.8939,301
2.0440,302
2.0009,289
1.8547,302
1.9690,311
2.0429,295
2.2336,277
1.9848,308
1.9314,305
1.8817,300
2.1688,284
1.8595,307
2.0716,300
2.0089,296
1.6916,314
1.9379,297
2.1217,294
2.0437,293
1.8575,305
2.0389,304
1.9068,307
2.2167,279
2.0781,288
1.9802,299
2.0165,301
2.1856,288
2.0545,294
1.7866,322
1.9328,313
1.9698,305
1.9224,306
1.9510,310
1.8525,305
1.9097,308
1.9455,310
1.8174,315
1.9652,284
2.0109,289
2.0114,297
1.8638,310
2.0526,310
1.6407,336
1.9383,302
1.9312,292
1.9568,307
2.1303,274
2.1154,291
2.0314,299
1.7448,330
2.0390,300
2.1107,292
2.0497,288
1.8659,293
1.9501,307
2.1568,290
2.0831,282
1.9070,305
1.8235,300
1.7571,307
1.9727,309
1.9035,296
1.9701,291
1.9798,292
1.9111,306
1.8829,313
1.9704,290
2.0028,301
2.0125,312
1.7975,308
1.7978,315
2.0227,297
1.9094,306
1.7018,330
1.8461,309
2.1105,289
2.0252,310
1.9608,294
2.0176,296
1.8388,310
1.9975,296
1.7708,327
1.9440,291
2.0351,319
2.0554,298
1.8370,305
1.8724,304
2.2581,279
1.9599,296
1.6952,325
1.8128,312
1.8431,317
1.9791,293
2.3237,308
2.1343,294
1.8794,306
2.0790,286
1.8488,304
1.8524,314
1.9633,291
2.0049,296
1.8313,335
1.7929,301
1.9714,295
1.9629,308
2.0023,315
1.8586,307
1.9275,306
2.0571,284
1.9525,307
2.0354,308
1.9458,317
1.8433,317
2.0527,297
2.1989,272
1.9268,290
2.0022,307
1.9912,296
2.0891,298
1.8545,306
2.0044,294
1.9053,307
2.1517,301
1.8281,301
1.9993,289
2.0768,287
2.0544,301
1.9953,293
2.2129,286
1.9364,303
1.8985,318
2.0479,291
2.1954,301
1.6918,302
1.8935,307
1.8680,292
1.8541,316
1.8681,323
1.9921,302
2.0245,297
1.8199,308
2.1012,294
1.9018,318
2.1065,297
2.1033,274
2.0237,295
2.1844,287
2.0641,294
1.8283,309
1.8660,297
1.7808,308
1.7388,313
1.6528,315
1.9751,312
1.9170,309
1.8027,328
1.8488,313
1.8991,305
1.8904,295
2.1538,284
1.9857,300
2.0312,288
1.9266,317
1.9244,312
2.0443,293
1.9419,284
1.7823,329
1.9680,316
1.8242,310
1.8245,308
2.0273,314
1.9470,304
1.8702,300
1.7310,315
1.8260,311
2.1048,306
1.8678,304
2.1218,296
1.9356,313
1.9900,312
1.8601,313
1.9034,296
1.7373,321
2.0398,293
2.0052,281
1.8632,309
1.8168,301
2.1180,286
2.1182,285
1.9439,294
2.0257,298
1.8337,318
2.0856,293
1.9606,313
1.7775,319
1.7679,311
1.8935,310
2.1374,300
2.0299,293
2.1564,287
1.8663,298
1.9142,306
1.8118,306
1.8735,302
2.0098,293
2.0220,301
1.9200,313
1.9036,300
1.8275,308
1.8405,316
2.1817,287
1.8288,305
2.0613,283
2.0380,292
1.7528,318
1.9582,294
2.0573,299
1.9692,293
2.1393,287
2.1014,304
2.2147,281
2.0937,289
1.9221,304
2.0744,291
1.9396,310
1.7898,313
1.7818,311
1.9076,316
1.9122,303
2.1156,277
2.1325,288
2.0364,284
1.9357,306
1.9856,296
2.2135,285
1.8143,309
1.8871,303
2.1642,284
1.9553,298
1.8585,321
1.9264,312
2.2150,281
1.9933,297
1.9514,298
1.7185,322
1.9421,285
1.9072,313
1.8697,304
1.8515,316
1.8996,303
1.8110,312
1.9513,298
1.8772,305
1.9347,294
1.9457,292
1.9454,301
2.1157,277
2.1557,299
1.9229,304
1.9217,301
2.0556,315
1.7206,328
1.9485,300
1.8952,298
1.8264,307
1.8959,320
1.9657,294
1.9703,304
1.8578,309
1.9076,305
1.6693,310
1.9795,290
2.0658,285
1.8568,292
2.2439,279
1.8266,311
1.9611,291
2.0105,294
2.0700,301
1.9072,311
1.8539,292
1.9446,296
1.8871,306
1.9912,317
2.0371,282
1.8579,312
1.9188,301
1.7079,314
2.0124,300
1.9764,301
1.8626,301
1.9915,293
1.8880,295
1.8857,309
1.8735,306
2.0008,301
2.0606,296
1.8897,304
1.7817,312
1.9723,297
2.0321,287
1.9233,300
1.8909,298
1.9252,303
1.7801,302
1.7492,312
1.9975,301
1.7859,317
1.8974,317
1.7170,317
1.8299,303
2.0397,306
1.8192,321
2.0461,288
1.7867,316
1.7975,298
1.8938,298
1.7867,296
1.8461,299
1.8437,314
1.9154,289
1.9257,322
1.8745,293
1.8703,314
1.8758,283
1.9371,317
2.1795,294
1.9994,289
2.1235,289
2.1059,284
1.9654,284
1.7816,302
1.7693,313
1.7687,307
1.8988,307
1.9338,305
1.9511,300
2.2184,272
1.8974,318
1.8612,296
2.0130,282
1.9492,315
1.9344,302
1.9194,297
2.0802,302
1.9070,298
2.0342,293
2.0632,296
2.0795,293
1.7359,315
1.9122,303
1.8207,302
1.8611,314
1.9172,305
1.9851,297
1.9961,303
2.0902,304
2.0341,300
2.1249,278
1.8928,298
1.8606,295
1.9984,304
1.7921,314
1.7741,330
1.7092,335
1.6780,304
1.8074,300
2.1183,288
1.8538,316
1.7623,321
1.8722,307
1.9311,305
1.9733,305
1.7675,310
1.9314,300
2.0277,315
1.9334,303
1.9557,311
2.0264,294
1.9418,307
1.8732,288
1.9400,303
1.8999,308
1.9893,283
2.0701,287
2.0118,299
1.8116,300
2.0983,312
1.7720,309
2.0491,310
1.9963,299
1.8626,304
1.9446,303
1.6568,324
2.0199,300
1.9925,307
2.0033,281
1.8558,311
1.7512,324
2.1538,290
1.8034,316
2.0160,302
2.0914,291
1.8843,315
2.0342,290
2.0637,294
1.8563,309
2.0285,283
1.6658,328
2.1436,287
1.8870,306
1.7346,321
1.9394,297
1.8613,296
1.8322,305
1.8319,318
1.8923,303
2.0961,304
1.8604,322
1.7916,301
1.9143,297
2.0535,298
1.9470,292
1.9762,293
1.9187,300
2.1084,300
1.8046,314
1.9307,304
2.0040,295
1.9061,300
1.9683,299
1.8708,308
1.9013,293
1.8646,313
1.9421,305
1.9319,314
1.9126,304
1.6810,323
1.9579,296
1.9347,314
1.9596,315
1.9818,301
1.9418,296
2.1434,278
1.8530,318
1.9055,300
1.7054,314
1.8672,293
2.0824,286
1.9320,313
1.8744,290
1.9278,293
2.1189,287
1.8049,306
1.8406,305
1.8227,305
1.7705,339
1.8218,326
1.9495,299
1.9142,309
1.9440,305
1.9911,305
1.8873,293
1.9578,296
1.8432,308
2.1009,290
1.9469,297
2.0228,307
1.7061,326
1.8500,324
2.1280,292
1.9681,301
1.8873,294
1.9112,310
1.9091,295
1.7414,314
1.9112,296
1.8347,310
1.9785,288
1.7741,324
1.9346,306
1.7409,311
1.9148,308
1.7836,314
1.8692,317
2.0364,299
1.7391,308
2.1528,279
1.9261,304
1.9626,305
2.0966,283
1.8010,313
2.0013,295
1.8137,319
1.9816,294
1.8448,309
2.0577,298
1.9776,300
1.8382,311
1.7112,327
1.8831,298
1.9381,301
1.9164,308
2.0419,296
1.9890,308
1.7691,317
1.8924,309
1.8210,309
1.8031,312
1.7719,311
1.8552,299
1.9891,311
1.8465,296
2.0078,298
2.0382,283
1.8783,298
1.9055,309
1.7907,302
1.8817,313
1.8440,308
1.9392,295
1.8924,317
1.8655,309
1.7593,290
1.6878,316
1.7769,319
1.8050,322
1.7682,313
2.0043,291
2.0082,311
1.8918,291
1.7539,323
2.0432,302
1.8819,308
1.8930,313
1.8859,313
1.9213,312
1.8380,313
2.0330,295
2.0890,287
1.8251,305
1.7489,304
1.9522,295
1.8288,307
1.8105,328
2.0196,295
1.7349,308
1.8245,328
2.0543,284
1.9846,303
2.0221,292
1.7423,324
1.9998,304
1.8839,304
1.7446,308
2.1182,292
1.8419,298
1.8482,295
1.7583,316
1.8978,320
1.9553,302
1.9141,323
1.8561,310
1.7751,311
2.0512,308
1.8169,308
2.1662,306
2.0669,291
1.9945,308
1.7737,317
2.0097,296
2.0278,295
1.7677,323
1.8959,306
1.9455,288
1.8656,309
1.9318,309
1.9470,306
1.8918,307
1.9327,304
1.8796,305
2.0391,303
1.6106,334
1.8776,299
1.7762,301
1.6221,327
2.0201,289
1.7462,316
1.9623,294
1.8701,306
2.3590,286
1.8010,318
2.0099,318
1.9778,313
1.9787,302
1.9272,298
1.7281,306
1.9225,321
2.0019,302
1.8106,310
1.8477,286
1.8754,309
2.0525,304
1.8890,301
1.8502,302
1.9578,302
1.9829,299
1.9194,290
1.8289,298
1.8820,307
1.7592,292
1.7592,312
2.1172,289
1.6628,317
1.9965,288
1.7082,332
1.9047,307
1.8676,299
2.0398,299
1.7877,311
1.8187,325
1.7374,328
1.9267,306
1.8945,316
1.7638,311
1.8559,300
2.0908,301
1.7531,330
2.0402,294
2.1310,294
1.8715,317
1.7358,328
1.8413,304
2.0598,291
1.8361,310
1.8589,283
2.0857,300
1.8810,317
1.7825,302
1.9150,316
1.9749,310
1.8835,303
1.8430,299
1.8912,299
1.7258,320
1.8083,294
1.8310,322
1.7728,315
1.7849,318
1.9360,307
1.7972,313
2.1303,298
1.9096,309
1.9265,300
2.0671,293
1.7964,317
1.7674,319
1.7987,311
1.7997,319
1.8507,314
1.7127,311
2.0499,299
1.6532,327
1.8912,304
1.9061,310
1.8739,307
2.0675,305
1.9731,317
1.8816,318
1.8097,335
1.9091,304
1.9373,308
1.7801,331
1.9079,303
1.7665,315
1.8058,302
1.8013,312
1.7119,319
1.9726,297
1.9327,294
2.0177,296
2.0577,297
1.4707,343
1.6378,324
1.9036,295
2.0219,310
1.6311,321
1.8125,310
1.7604,298
1.6601,327
1.8331,304
1.7106,316
2.0050,301
1.8186,313
1.7890,309
2.0477,290
1.8544,301
1.6345,328
1.9768,308
1.8229,311
1.9102,308
2.0488,306
1.8644,302
1.7680,309
1.8416,304
1.9617,312
1.7953,310
2.0130,287
1.7894,309
1.7550,311
1.8287,319
1.8956,298
1.9977,313
1.7861,318
1.9992,308
2.0671,296
1.9062,309
1.8036,332
2.1471,299
2.0459,300
1.6204,321
1.7890,309
1.9167,306
2.0547,293
1.8642,304
1.8872,305
1.9593,305
1.7731,311
1.7664,311
1.6623,329
1.7496,318
1.8949,303
1.7505,303
1.8990,330
1.8869,306
1.7791,301
2.0126,301
2.0764,312
2.1264,283
1.9060,320
1.9173,311
1.8773,316
1.8814,299
1.7818,312
1.9449,314
1.9122,309
1.6981,325
1.9143,309
2.0005,300
1.8748,316
2.0451,310
1.9134,292
1.8170,322
1.9451,304
1.8441,324
1.8160,329
1.8424,316
1.9531,299
1.8001,310
1.9450,308
1.9125,306
1.7365,326
1.8064,307
1.9042,299
1.7830,312
1.8888,305
1.8399,316
1.8885,322
1.7204,317
1.9053,288
1.7352,320
1.7843,306
1.8817,297
1.8131,315
2.0310,309
1.9363,316
1.8970,316
1.6903,322
1.9750,298
1.8545,303
1.7280,311
1.8586,306
1.7946,313
1.8311,305
1.9182,309
1.7242,319
1.9602,314
1.8644,310
1.9593,304
1.7579,325
1.9803,313
1.9121,292
1.8654,330
1.9333,289
1.9368,313
1.8830,308
2.0106,313
1.9643,305
2.1208,303
1.9287,316
1.9247,310
1.7257,325
1.8071,307
1.8617,304
1.9296,306
1.6952,318
1.7573,320
2.1337,305
1.8147,311
1.8607,305
1.7410,318
1.7280,305
1.9234,297
1.9539,311
1.9743,317
1.7922,301
1.8021,315
1.6230,333
2.0581,296
1.9988,317
2.0216,316
1.8771,305
2.0934,297
1.8876,303
1.9528,294
1.7894,313
1.7644,316
1.9389,298
1.7918,318
1.9663,317
1.7135,306
1.8978,316
1.8230,310
1.9288,284
1.7899,314
1.9319,310
1.8126,311
1.9454,315
1.7955,307
1.7426,323
1.6457,334
1.8021,323
1.9207,296
1.8858,311
1.8273,317
1.6581,335
2.0420,290
1.7952,324
1.9724,313
1.8344,308
1.8893,309
1.9395,313
1.9321,304
1.8949,295
2.0332,310
1.9648,309
1.8485,306
1.8435,312
1.9429,309
1.9791,296
1.9417,314
1.6718,338
1.8321,320
2.0096,303
1.8874,301
1.9616,290
1.9246,334
1.6695,331
1.8079,316
1.7931,306
1.8440,321
1.8234,309
1.9075,306
1.8296,296
1.7840,308
1.9436,304
1.9327,321
1.5647,330
1.7644,301
2.0531,305
1.7849,326
1.8113,315
1.9885,295
1.7493,321
1.9133,291
1.8522,312
1.8610,302
1.8351,299
1.9799,315
1.8437,312
1.9763,302
2.0199,321
1.8069,296
1.9830,303
1.9257,301
1.9058,285
1.8690,306
1.8729,297
1.9023,306
1.8494,309
1.8638,307
1.6849,330
1.8109,315
1.7005,321
1.5062,323
1.7925,308
1.8986,315
1.6814,322
1.9325,307
1.9635,320
1.9489,306
1.8893,316
2.1289,288
1.8452,314
1.7600,306
1.9468,299
1.7949,315
1.8903,305
2.0139,297
2.1116,300
1.8431,311
1.7975,318
1.6743,329
1.9216,300
1.8592,294
1.7826,321
2.0084,296
1.9322,316
1.8528,307
1.8369,299
1.6537,334
1.7488,312
2.0314,281
1.7741,323
2.2072,294
1.8559,319
1.9063,310
1.7467,321
1.8895,298
2.0081,296
1.9545,294
2.0650,298
2.0085,295
1.9025,311
1.7567,305
1.8887,305
1.6265,321
1.7397,330
1.8790,308
1.8107,312
1.8543,303
1.7186,319
1.7190,320
1.7662,316
1.6268,318
1.8742,310
1.7899,312
1.8699,309
1.8685,311
1.8455,320
1.7959,318
1.8677,317
1.9276,308
1.7974,299
1.7711,310
1.9048,302
1.8278,317
1.9867,312
1.6849,321
1.8832,312
1.9288,295
1.8895,292
1.7849,296
1.6951,327
1.7635,316
1.9841,298
1.8387,304
1.5838,325
1.9609,321
2.0490,295
1.8441,304
2.0130,295
1.8815,318
1.9406,321
1.6673,327
1.9991,303
1.7808,329
1.9291,287
1.9430,322
1.8761,313
2.0240,316
1.9978,304
1.8941,301
1.9471,297
1.9042,325
1.9079,306
1.8456,318
1.9199,321
1.9280,310
1.9187,297
1.7538,313
1.8223,315
2.1063,293
1.9346,287
1.7161,327
1.9010,312
2.0505,301
2.1554,310
1.8900,301
1.7616,307
2.0375,295
1.8133,316
1.7500,309
1.9231,310
2.1360,297
1.9015,315
1.7204,325
1.9859,310
1.9308,291
1.7789,312
2.1047,306
1.8449,315
1.8795,318
1.9431,303
1.7490,312
1.7984,321
1.8625,305
1.9586,300
1.8626,306
1.9313,298
1.9351,287
1.9006,305
1.9388,309
1.8305,317
1.8316,317
2.1249,296
1.6888,309
1.7058,329
1.9988,308
1.8415,297
1.7372,310
1.8918,307
1.9271,300
1.9359,316
1.8360,303
1.7251,326
1.8661,327
1.7633,317
1.7992,323
2.1357,307
1.7260,302
1.8653,317
1.8623,311
2.1177,302
2.0755,289
2.1048,319
1.8605,318
1.9776,302
1.6566,329
1.8246,313
1.8187,296
1.9336,296
1.9135,327
1.5934,320
1.9332,306
1.9231,312
1.8867,330
1.8126,336
1.6195,337
1.7526,321
1.7404,312
1.7225,316
1.8023,319
1.9807,309
1.9539,306
1.7950,318
1.8171,326
1.8906,305
1.8821,301
1.6646,330
1.7887,305
1.6504,317
1.8572,309
1.7409,307
1.8218,318
1.9085,295
1.9362,305
1.7280,318
1.7156,324
1.7951,321
1.9853,318
1.9685,306
1.9525,312
1.7814,333
1.9776,296
1.7447,310
1.9075,310
1.9101,313
1.7670,319
1.8924,317
1.9527,326
1.6374,324
1.8815,308
1.8806,303
1.6679,321
1.8386,311
1.8680,316
1.9674,299
1.8557,318
1.7700,297
1.9057,306
1.9822,320
1.7255,318
1.7656,314
1.8111,306
1.8452,308
1.8765,309
1.9447,302
1.9895,297
1.9012,305
1.6475,335
1.9273,315
1.8425,296
1.7852,317
1.8932,308
1.8606,297
1.8934,323
1.9542,308
1.7577,309
2.0112,302
1.7082,308
1.9447,309
1.8321,319
1.6880,330
1.9778,308
1.7751,313
1.7285,311
1.9683,305
1.7689,320
1.7043,324
1.9465,311
1.6919,322
1.5057,332
1.7360,310
1.7477,306
1.8661,305
1.8207,323
1.7744,310
1.9440,311
2.1459,306
1.9499,296
1.7803,316
1.8926,303
1.6604,338
1.6836,327
1.8683,298
1.9597,303
1.6589,320
1.8398,325
1.7778,307
1.5610,335
1.8236,304
1.9373,316
1.7794,318
1.9007,298
1.9944,308
1.7120,314
1.8548,304
1.9580,292
1.7081,332
1.9844,313
1.9551,304
1.7583,319
1.9905,307
1.9306,293
1.8399,319
1.7408,324
1.8413,318
1.7509,306
1.7861,330
1.7810,325
1.8990,304
1.9549,294
1.9312,297
1.9022,309
1.8335,326
1.7762,319
2.0987,308
1.8286,323
1.8045,318
1.9380,299
1.7537,316
1.8411,314
1.6684,317
1.7770,316
1.8263,303
1.8188,326
1.8920,308
1.8430,291
1.7647,308
1.8660,305
1.8301,305
1.6843,321
1.7469,317
1.7712,307
1.8550,319
1.8783,320
1.6128,317
1.8476,319
1.9246,307
2.1244,297
1.9125,299
1.9997,282
1.8569,297
1.8142,315
1.7454,306
1.8604,308
1.9062,306
1.5408,345
1.9301,296
1.8918,312
1.7751,314
1.7439,329
1.7325,326
1.9969,310
1.8095,316
1.7384,308
1.8536,309
1.8660,307
1.9837,302
1.8677,319
1.7914,320
1.8030,312
1.8690,316
1.8284,312
1.8280,330
1.8909,323
1.7964,323
1.6679,312
1.8710,316
1.8677,310
1.7592,316
1.7674,308
2.0106,295
1.7436,319
1.9543,300
1.8718,318
1.9905,307
1.9352,309
1.5915,325
1.5506,334
1.8797,297
1.8018,324
1.6839,319
1.8483,326
1.7215,312
1.9094,301
1.8182,322
1.5467,334
1.8838,320
1.9500,305
2.0740,303
1.9365,293
1.8279,300
1.8621,322
1.5242,326
1.7178,310
1.6834,312
2.0190,310
1.8260,317
1.9726,322
1.7920,324
1.6907,328
1.8650,320
1.7993,313
1.8259,321
1.8489,302
1.7262,324
1.8001,318
1.8390,300
1.7963,319
1.7131,329
1.8258,307
1.7728,313
1.7640,317
1.5448,317
1.7151,331
1.8984,301
1.7327,317
2.0079,305
1.9703,321
1.8726,304
2.0621,285
1.7174,310
1.9082,311
1.8560,307
1.8048,312
1.7914,322
1.8332,304
1.8476,305
1.9901,319
1.7504,335
1.6695,332
1.6854,336
1.8557,314
1.8817,318
1.8774,308
2.0540,298
1.7516,320
1.8415,319
1.6137,333
2.0408,298
1.6548,320
2.0208,300
1.9756,304
1.7842,324
1.7165,309
1.8805,304
1.9384,313
1.7003,321
1.7757,326
2.0286,309
1.7351,324
1.8955,323
1.6732,315
1.6596,301
2.0081,303
1.8666,301
1.9334,316
1.8716,311
1.7967,326
1.7371,320
1.9240,312
1.8160,314
1.7990,315
1.7573,319
1.7276,318
1.8447,316
1.9436,304
2.0084,306
2.0029,315
1.8171,321
1.9484,315
1.6578,333
1.9637,298
1.7741,310
1.7265,330
1.7989,303
1.9623,308
1.9245,311
2.0614,314
1.7910,315
1.8660,325
1.6879,322
2.0621,302
1.7124,309
1.8603,296
1.8784,326
1.7142,335
1.7982,328
1.7544,335
1.8365,309
2.0431,286
1.5786,337
1.7255,321
1.6763,318
1.9264,312
1.7017,322
1.9455,309
1.7653,309
1.7900,308
1.6754,320
1.9532,307
1.7261,309
1.8529,320
1.6615,327
1.7972,311
1.8675,318
1.9365,303
2.1003,291
1.7437,320
1.9578,308
1.8284,300
1.8906,309
1.7214,314
1.8977,314
1.9267,317
1.8117,311
1.6340,321
1.8060,319
1.6444,333
1.9874,317
1.8757,314
1.7492,319
1.8154,291
1.8866,307
1.8850,316
1.8651,304
1.9623,310
1.9541,299
1.8703,301
1.8735,308
1.7801,326
1.9149,311
1.9294,307
1.6699,333
1.8919,315
1.7628,328
1.6887,309
2.1632,287
1.9826,312
1.8153,299
1.9830,303
1.6983,325
1.9669,324
2.0167,319
1.7260,316
1.7924,318
1.7624,307
1.8925,322
1.8421,304
1.9430,305
1.7485,305
1.9711,309
1.8242,334
1.9227,316
1.6268,335
1.6583,310
1.8232,323
1.8473,307
1.9125,316
1.7400,314
1.9197,297
1.5951,345
1.6389,329
1.6942,321
1.9480,324
1.8988,317
1.6800,317
1.7076,330
1.5855,331
1.9227,309
1.7697,316
1.9721,306
1.8552,303
1.7450,326
1.7216,317
1.7619,312
1.7956,321
1.6559,334
2.0809,304
1.7000,326
2.0038,306
1.7295,326
1.8739,311
2.0049,316
1.7696,320
1.8602,319
1.8321,325
1.6782,320
1.7496,328
1.3774,349
1.8721,300
1.6720,314
1.8661,299
1.7967,305
1.6741,318
1.7120,318
1.8443,318
1.8396,314
1.9475,295
1.9955,297
1.8250,325
1.7367,335
1.6486,333
1.6844,329
1.7875,310
2.0095,297
1.5970,339
1.8731,317
1.7956,299
1.7476,325
1.7211,331
1.8906,311
1.8855,322
2.1087,291
1.8349,315
1.9077,313
1.8519,313
1.8737,338
2.0424,316
2.0002,311
1.9533,317
2.1316,285
1.9218,314
1.7925,317
1.8095,311
1.7988,313
1.8532,314
1.9576,309
1.8490,309
1.7049,330
1.5615,341
1.9212,306
1.8554,313
1.7530,327
1.8232,319
1.9690,304
1.7488,311
1.9161,313
1.8548,319
1.9659,308
1.7711,313
1.8221,310
1.8304,312
1.7551,322
1.7420,309
1.9165,308
1.8356,313
1.7103,331
1.8499,302
1.6459,324
1.7760,299
1.8759,309
1.8147,320
1.8012,314
2.0158,304
1.9942,307
1.8512,325
1.9286,312
1.8002,316
1.6061,332
1.7023,331
1.7272,315
1.7791,297
1.8569,311
1.8946,311
1.6974,319
1.9256,319
2.0174,310
1.8412,303
1.8168,314
1.8347,297
1.8171,310
1.8067,306
1.8112,309
1.7312,324
1.9499,305
1.7252,320
1.7106,311
1.8203,301
1.8748,314
1.8529,327
1.7419,325
1.7808,310
1.8246,306
1.8636,306
1.9809,301
1.8580,311
1.7905,328
1.9258,307
1.9681,301
1.6929,320
1.7821,322
1.7946,313
1.8357,311
1.9433,317
1.7041,326
1.7016,326
1.6977,329
1.8159,320
1.7606,318
1.9591,306
1.7303,309
1.8878,315
1.6063,324
1.8301,292
1.9634,306
1.6704,320
2.0502,304
1.5798,334
2.1280,302
1.7458,313
1.8895,327
1.6668,322
1.8592,313
1.8728,330
1.8574,306
1.9638,306
1.8233,311
1.9613,298
1.7327,318
1.7232,322
1.8679,297
1.9607,293
1.8177,315
1.9410,305
1.9237,303
1.7850,322
1.6634,332
1.8375,312
1.8034,321
1.6513,321
1.6726,314
1.9556,317
1.8174,315
1.8907,302
1.8761,310
1.7271,326
1.8641,324
2.0762,292
1.7688,303
1.8427,311
1.8906,302
1.7037,336
2.0307,307
1.7103,326
1.6867,316
1.8441,313
2.2034,280
1.9229,310
1.8227,317
1.9146,308
1.6799,308
1.9612,307
1.8749,315
1.5762,337
1.8419,315
1.6606,321
1.7964,319
1.8568,323
1.8647,321
1.8548,329
1.7949,318
1.8501,297
1.9562,306
2.0064,308
1.7802,310
1.8017,327
1.8933,320
1.9250,307
1.8084,311
1.7222,320
1.8532,303
1.7089,316
1.9889,292
1.8374,317
1.8145,325
2.0663,315
1.6363,331
1.7109,322
1.7624,315
1.9617,312
1.6621,324
1.7325,311
1.7312,316
1.8514,310
1.7130,318
1.7286,332
1.8703,318
1.7272,304
1.8761,308
1.8157,314
1.8609,318
1.7684,308
1.7641,321
1.9245,304
1.7779,318
1.6167,333
1.6869,326
1.8807,297
1.6731,328
1.8071,309
1.9080,322
1.7265,322
1.8124,331
1.9789,300
1.5896,345
1.7754,316
1.7376,320
1.5688,328
1.6939,309
2.0657,307
2.0004,315
1.8266,314
1.9384,319
1.7028,332
2.0374,327
1.8698,311
1.9131,319
1.7736,305
1.8340,305
2.1753,289
1.5631,340
1.8236,326
1.6955,327
1.6416,323
1.8596,320
1.7546,315
1.7246,320
1.9148,303
1.6696,324
1.7246,316
1.8173,311
1.7870,315
1.8119,313
1.8529,319
1.7055,321
1.7374,317
1.8100,305
1.8044,306
1.8271,300
1.9591,311
2.0203,297
1.8457,312
1.9341,305
1.8738,323
1.6331,335
1.8259,321
1.8697,316
1.6293,329
1.9024,314
1.8473,308
1.7345,327
1.9414,325
1.7478,308
1.4259,344
1.9475,304
1.8491,310
1.6167,328
1.7624,319
1.6866,322
1.8760,314
1.6538,325
1.8561,307
1.7335,317
2.0367,311
1.8132,317
1.7770,325
1.7141,318
1.7408,326
1.6679,310
1.8144,318
1.8560,317
2.0050,303
1.8301,313
1.5771,341
1.6833,328
1.8709,328
1.7713,313
1.9622,299
1.8230,317
1.8876,312
1.7631,317
1.5317,335
1.7004,323
1.7814,320
1.6909,342
1.9228,304
2.0222,281
1.7995,320
1.7528,338
1.5909,325
1.7973,323
1.9628,290
1.8533,320
1.8117,310
1.8898,314
1.7668,325
1.8773,308
1.6855,323
1.6427,320
1.7628,307
1.6195,335
1.8444,304
1.8460,309
1.7763,311
1.8076,316
1.6646,339
1.7957,317
1.6833,322
1.5916,318
1.6956,334
1.6868,332
1.6524,319
1.9504,320
1.7775,330
1.7188,331
1.7103,318
1.7088,323
1.7561,323
1.9492,311
1.7957,301
1.7776,316
1.9134,315
1.8825,300
1.9245,317
1.7569,325
1.6475,344
1.8078,323
1.7160,334
1.9440,325
1.6598,308
1.7935,317
1.8475,311
1.8451,319
1.7446,334
2.1680,296
1.9363,317
1.7507,313
1.8699,296
1.6926,321
1.6482,337
1.9111,318
1.6457,335
1.8753,299
1.9510,318
1.8969,300
1.8635,306
1.8388,321
1.8787,323
1.6983,329
1.7907,309
1.8482,324
1.9883,303
1.9140,310
1.7801,311
1.8560,324
1.6455,320
1.6627,323
1.7038,315
1.6557,335
1.7434,316
1.6831,332
1.9020,308
1.6679,329
1.6385,327
2.0471,302
1.7332,336
1.8414,315
2.2027,298
1.9375,311
1.5842,349
1.8048,313
1.7895,328
1.9017,323
1.9191,304
1.9308,318
1.8451,307
1.6875,324
1.4925,325
1.7780,313
1.7714,301
1.8392,304
1.6855,319
1.8483,332
1.8917,300
1.7164,323
1.8353,319
1.9400,314
1.5657,325
1.8949,321
1.9852,324
1.9563,301
1.5744,324
1.6425,332
1.7461,317
1.7059,316
1.5843,321
1.8808,307
1.9018,317
1.7964,317
1.6524,327
1.8581,309
2.0914,299
1.7149,317
1.6780,322
1.7227,319
2.0372,307
1.9416,309
1.7214,322
1.4696,325
1.7106,321
1.7949,322
1.9264,311
1.7175,325
1.9341,322
1.7827,310
1.7181,325
1.8403,328
2.0285,295
1.5544,320
1.5899,334
1.8593,304
1.9934,300
1.8628,303
1.6479,320
1.7432,331
1.9604,318
1.7518,323
1.7459,314
1.7877,312
1.9130,321
1.6771,345
1.9141,302
1.7628,310
1.9575,323
1.7745,317
1.7671,326
1.8271,313
1.8556,307
1.7956,310
1.8983,320
1.6700,334
1.8945,330
1.9570,304
1.8492,317
1.7589,312
1.8050,302
1.8724,322
1.7174,314
2.0994,303
1.8111,318
1.8704,313
1.7231,321
1.9801,314
1.9231,323
1.8919,305
1.7660,320
2.1211,295
1.8479,312
1.7846,312
1.8942,316
1.7474,316
1.7287,321
1.8082,318
1.5639,334
1.8257,313
1.8305,296
1.8303,331
1.6505,325
2.0919,290
1.9097,305
1.5477,333
1.8993,311
2.0156,306
1.8196,329
1.7815,324
1.6751,330
1.7701,321
1.9005,328
1.7038,327
1.6811,321
1.7557,312
1.8932,316
1.7300,315
1.7189,325
1.7410,308
1.8952,310
1.8673,326
1.5293,340
1.9390,311
1.7412,312
1.4961,326
1.8084,331
1.5876,339
1.9000,316
1.8195,314
1.9382,316
1.7206,330
1.9016,333
1.9215,319
1.6509,330
1.7631,317
2.0973,314
1.8319,310
1.9096,307
1.7362,331
1.8128,331
1.6774,316
1.7415,320
1.9758,308
1.9507,306
1.7542,321
1.8597,309
2.0599,317
1.6893,320
1.9306,305
1.7828,322
1.6733,324
1.8543,311
1.9317,297
1.8437,302
1.7253,310
1.9151,313
1.7456,318
1.7352,328
1.7958,314
1.6036,324
1.8578,319
1.7784,319
2.0610,321
1.7873,314
1.7417,317
1.8033,309
1.9074,313
1.5543,356
1.9041,312
1.7124,321
1.7661,325
1.6327,328
1.8940,325
1.9360,295
1.7575,319
1.6993,326
1.6793,308
1.9304,314
1.6517,318
1.8691,318
1.7772,330
1.7113,331
1.7246,321
1.7510,314
1.8652,304
1.6120,334
1.8580,315
1.7324,334
1.6827,329
1.7213,327
1.8278,321
2.0138,310
1.7004,322
1.8736,313
1.7777,312
1.7788,315
1.7657,308
1.7021,319
1.7945,334
1.8524,317
1.8406,330
2.0806,302
2.1128,302
1.7393,330
1.6603,316
1.8955,309
1.5315,335
1.6280,329
1.8139,296
1.7456,321
1.7981,321
1.9363,302
2.0914,295
1.9859,298
1.7510,320
1.7555,337
1.7830,331
1.9744,304
1.9859,311
1.8091,305
1.7507,326
1.8087,325
1.7411,310
1.8083,322
1.7900,317
1.8241,311
1.6977,333
1.7979,327
1.9495,314
1.6770,313
1.8735,313
1.9352,307
1.7997,320
1.7684,312
1.9695,297
1.8852,319
1.7530,312
1.8150,319
1.8117,322
1.7968,335
1.7556,322
1.7600,312
1.9201,316
2.0018,315
1.6887,324
1.9394,311
2.1214,327
1.9129,303
1.8037,304
1.8457,315
1.7135,331
1.8170,324
1.8225,309
1.6788,337
1.8243,308
1.8612,308
1.7614,315
1.8647,307
2.0087,319
1.5851,328
1.6786,319
1.7957,317
2.1788,300
1.8370,304
1.8295,315
1.6691,321
1.6511,325
1.9159,294
1.8065,323
1.7603,318
1.6860,339
1.8766,310
1.6459,328
1.8383,335
1.8703,312
1.7002,316
1.7205,324
1.8536,328
1.8672,310
1.6839,317
1.7191,313
1.7422,320
1.7441,327
1.9862,302
1.8282,314
1.6133,339
1.6797,327
1.6285,321
1.6102,333
1.6931,331
1.6428,345
1.8629,308
2.0217,320
1.7348,314
1.7975,314
1.7276,321
2.1358,294
1.7303,315
1.7099,324
1.9584,320
2.0071,316
2.0688,305
1.8142,324
1.7532,335
1.8686,312
1.6491,319
1.9439,305
1.7773,315
1.9697,295
1.9136,318
1.8102,321
1.8579,329
1.7032,307
1.8916,307
1.8199,316
1.6426,344
1.8075,321
1.9824,311
1.6883,316
1.8725,321
1.9127,305
1.7975,314
1.5891,334
1.6910,312
1.7601,314
1.7736,325
1.7334,329
1.8400,316
1.8249,308
1.6218,337
2.0413,307
2.0556,295
1.8723,317
1.5947,327
1.8763,308
1.9210,321
1.7918,313
1.7388,326
1.7583,330
1.8969,319
1.7081,323
1.7260,318
1.7816,324
1.8387,320
1.7577,304
1.9349,306
2.1332,280
1.8584,320
1.7915,320
1.9420,300
1.8662,324
1.7605,318
1.6867,327
1.9922,317
1.7512,334
1.8139,318
1.8232,337
1.9328,303
1.9470,313
1.7638,319
1.6794,317
1.9232,324
1.6839,326
1.7746,330
1.6637,327
1.8199,323
1.8430,333
1.7445,324
1.7090,311
1.8139,325
1.8993,312
2.0632,308
1.8187,307
1.6059,343
1.7573,325
1.9020,312
1.5131,332
1.8460,322
2.1262,307
1.8564,320
1.7737,336
2.0558,311
1.9334,313
1.8368,316
1.8455,313
1.6876,314
2.1351,299
1.7787,320
1.9951,305
1.5320,337
1.9971,303
1.8861,327
1.5849,324
1.6255,337
1.9717,309
1.6537,342
1.8541,308
1.5912,331
1.7844,336
1.8347,317
1.8023,319
1.9729,306
1.6698,335
1.5993,315
1.9011,309
1.8548,309
1.8941,333
1.8031,316
1.8086,330
1.9783,310
1.8176,310
1.8218,313
1.5642,318
1.8274,316
2.0466,293
1.7797,320
1.8692,323
2.0469,296
1.9339,313
1.5685,336
1.8763,321
1.8175,311
1.9571,305
1.9805,317
1.7553,337
1.7634,314
1.6557,332
1.8283,316
1.8031,320
1.7318,323
2.0194,309
1.8085,323
1.4754,341
1.9733,306
1.8167,309
1.8127,323
1.7285,315
1.7178,327
1.8406,311
1.5757,331
2.0114,313
1.8336,317
1.7114,325
2.0097,294
1.7931,307
2.0064,316
1.8209,325
1.7351,322
1.8023,318
1.7585,315
1.9930,294
1.5583,337
1.5813,335
1.7580,321
1.7805,316
1.7239,328
1.9328,309
1.7589,333
1.7228,309
1.6664,325
1.5861,355
1.7743,322
1.7132,333
1.9460,317
1.7675,314
1.7407,320
1.8923,317
1.9197,315
1.8978,303
1.6052,326
1.7320,316
1.8126,306
1.9326,319
1.9477,302
1.9016,310
1.8789,321
1.5921,320
1.5214,342
1.8490,300
1.7280,332
2.0212,298
1.9691,309
1.6032,331
1.7526,326
1.7520,330
1.8510,315
1.7590,330
1.5004,340
1.7345,320
2.0364,325
1.8443,311
1.7523,323
1.7193,337
1.8467,326
2.1665,306
1.7623,317
1.6722,333
1.9432,298
1.9297,311
1.7543,326
1.8604,313
1.6571,335
1.8684,328
1.8980,323
1.7502,321
1.5713,330
1.6788,332
1.6021,334
1.7062,329
1.8367,301
1.6851,342
1.9630,306
1.6681,328
1.7883,317
1.6832,321
1.7984,316
1.7323,330
1.7095,327
1.6504,330
1.9464,310
1.6684,333
1.9078,325
1.7500,326
1.5430,335
1.6368,330
1.6013,322
1.7699,323
1.8107,325
1.9501,315
1.9873,317
1.6935,315
1.7932,318
1.7477,312
1.7868,312
1.8823,311
1.8073,326
1.9096,315
1.9356,328
1.8130,317
1.8446,304
2.1237,309
1.5970,327
1.7080,312
1.5907,334
1.7883,319
1.6702,317
1.7199,328
1.6570,325
1.8004,313
1.8114,327
1.9642,308
1.8337,309
1.7432,330
1.6565,335
1.6198,325
1.7617,321
1.7424,332
1.7129,324
1.9429,327
1.8444,337
1.6524,333
1.8313,321
1.6845,321
1.9236,311
1.7885,324
1.7560,316
1.7470,308
1.6576,319
1.8971,325
1.7458,317
1.7144,321
1.8228,316
1.7262,323
1.6509,332
1.7726,330
1.6695,334
1.8223,324
2.1062,299
2.1669,312
1.7104,336
1.6430,321
1.8942,306
1.6815,338
1.6435,343
1.7536,320
1.7833,324
1.6909,323
1.8523,320
1.8674,319
1.8705,333
1.8229,324
1.6066,342
1.6811,333
1.7782,323
1.5158,344
1.9890,301
1.5512,335
1.6367,327
1.8389,324
1.7766,328
1.6960,323
1.9533,320
1.8367,329
1.7761,314
1.4295,345
1.9541,310
1.8901,307
1.7822,307
1.9152,318
1.8025,313
1.5050,347
1.6188,333
1.7948,318
1.6305,336
1.8247,309
1.5880,331
1.8347,326
1.7877,316
1.8430,326
1.6537,324
1.7044,324
1.7291,324
1.6533,335
1.6899,336
1.7400,326
1.6972,316
1.9710,293
1.7971,305
1.6910,309
1.5104,336
1.7075,318
1.8346,314
1.8010,316
1.6657,339
1.8452,299
1.8996,307
1.6824,324
1.5975,334
1.7612,317
1.7429,322
2.2349,287
1.6378,328
1.6743,326
1.9761,308
1.8181,325
1.7988,335
1.6675,336
1.6710,325
1.8970,306
1.7463,312
1.8005,319
1.8893,308
1.6834,314
1.8735,326
1.7742,324
1.9038,319
1.6833,324
1.6988,315
1.6991,337
1.7597,330
1.7328,318
1.7478,335
1.7567,320
1.7716,306
1.8179,315
1.7919,334
1.6193,326
2.0043,318
1.8053,309
1.8018,321
1.8717,303
1.7787,325
1.7475,320
1.7825,321
1.6685,345
1.8847,308
1.9203,315
1.7629,336
1.7103,317
1.8343,319
1.8230,330
1.8157,315
1.9222,310
1.8411,322
1.9760,299
1.7574,319
1.8964,296
1.7434,330
1.7621,345
1.7910,325
1.9085,308
1.7551,326
1.5215,338
1.7138,331
1.8670,309
1.7941,324
1.7886,320
1.8239,308
1.8672,326
1.6988,319
1.7295,323
1.8268,317
2.0193,300
1.8428,311
1.8563,315
1.6326,336
1.8264,321
1.9182,324
1.7129,333
1.6917,330
2.1305,324
2.0010,316
1.6986,327
1.7955,325
1.7417,313
1.8770,330
1.7627,318
1.7306,313
1.7699,314
1.8021,310
1.8336,319
2.0092,316
1.6942,336
1.6982,321
1.8307,322
1.8927,312
1.9447,312
1.8537,329
1.8747,318
1.7069,321
1.9591,307
1.9147,317
1.7741,313
1.8942,328
1.5096,317
1.7467,317
1.6107,333
1.5898,331
1.8736,330
1.7550,323
1.9027,304
1.6784,314
1.7598,317
1.8589,320
1.8368,310
2.1050,310
1.8990,312
1.6455,330
1.8051,315
1.7787,323
1.8204,316
2.0146,291
1.9374,307
1.6990,302
1.8637,330
1.7071,322
1.8509,329
1.8203,324
1.7726,333
1.5899,317
1.8889,312
1.8577,312
1.9053,315
1.8558,316
1.7851,318
1.6875,339
1.7335,329
1.7549,331
1.5917,333
2.0066,313
1.6715,316
1.7970,319
1.8316,297
1.6677,334
1.6469,325
1.6772,332
1.8117,325
1.9280,317
1.9115,312
1.6321,328
1.8011,327
1.5842,330
1.8795,325
1.7796,313
1.6925,330
1.6719,332
1.7737,309
1.8058,329
1.8130,317
1.9177,319
1.5521,335
1.8066,312
1.9205,333
1.7337,335
1.7325,321
1.9018,313
1.7973,315
1.7629,337
1.7157,314
1.6679,322
1.7485,316
1.6264,331
1.6479,335
1.6619,341
1.7347,329
1.7007,319
1.8064,321
1.6596,321
1.6992,331
1.5157,340
1.7722,317
1.7259,318
1.9629,311
1.8020,328
1.8100,318
1.8142,313
1.8747,314
1.7202,336
1.6717,339
1.6992,325
1.9683,309
1.7922,316
1.8486,315
1.7770,323
1.9196,319
1.9487,296
1.7412,320
1.7119,315
1.8169,318
1.6313,334
1.8400,327
1.9111,319
1.6705,338
1.7879,331
1.7892,321
1.7856,318
1.7494,325
1.6255,324
1.9152,311
1.7661,325
1.8860,328
1.9776,311
1.7141,342
1.9846,320
1.7693,334
1.7352,319
1.8065,325
1.9008,310
1.6212,336
1.7287,340
1.7055,316
1.7092,327
1.8352,318
1.8634,313
1.9819,313
2.1167,309
1.7716,317
1.8874,306
1.7239,331
1.7867,316
1.8166,330
1.8532,319
1.8201,326
1.7006,328
1.9366,305
1.8875,310
1.9585,318
1.5179,337
1.8320,311
1.9009,308
1.7914,325
1.9277,314
1.8250,307
1.8233,325
1.7776,317
1.9068,312
1.6266,332
1.9203,323
1.7766,329
1.6965,324
1.8345,323
1.7663,318
1.8796,321
1.8254,317
1.7674,325
1.9352,314
1.6194,351
1.8877,311
1.6820,338
2.0022,300
1.8710,314
1.8321,324
1.6484,336
1.7371,332
1.8533,316
1.9092,337
1.9085,327
1.7449,311
1.7647,332
1.9428,332
1.8190,331
2.1504,307
1.7173,333
1.9553,307
1.7400,313
1.6837,335
1.7675,316
1.7315,314
1.9110,329
1.9084,313
1.8187,335
1.8593,324
1.8446,314
1.7437,326
1.6006,338
1.8297,310
1.9696,300
1.8401,330
1.7600,315
1.9601,319
1.5946,330
1.8938,299
1.6950,344
1.8926,313
1.9090,326
1.7401,347
1.7403,328
1.8811,319
1.6595,330
1.9344,314
1.6527,329
1.8205,323
1.8856,314
1.6963,320
1.8501,321
1.5459,334
1.7054,313
1.8650,311
1.8830,322
1.7325,320
1.7911,319
1.6985,312
1.8309,325
1.7983,327
1.8790,318
1.9563,315
1.6766,329
1.5865,339
1.6834,339
1.6415,332
1.5855,338
1.6914,323
1.7887,337
1.6361,350
1.6303,325
1.6155,334
1.8076,319
1.8128,320
1.8322,321
2.0341,308
1.6587,322
1.6681,323
1.9535,304
1.9936,304
1.7718,324
2.0130,311
1.9874,319
1.7924,319
1.8184,301
1.9339,321
1.7337,334
1.8653,304
1.8708,323
1.8365,318
1.9038,316
1.9872,304
1.7407,317
1.8213,320
1.7550,343
1.8370,311
1.8425,325
1.7958,324
1.7256,333
2.0052,316
1.9818,321
1.6774,327
1.7194,323
1.8624,315
1.7359,322
1.7429,328
1.8945,314
1.6513,328
1.7526,314
1.6117,329
1.9177,314
1.9822,301
1.9246,316
2.0170,307
1.5514,339
1.6908,306
1.7674,313
1.6907,317
1.9497,305
1.8640,318
1.6350,342
1.8182,312
1.7929,307
2.1440,305
1.8100,310
1.8689,313
1.9028,315
1.6535,318
1.5623,322
1.9120,326
1.7714,314
2.1705,303
2.0646,290
2.0335,322
1.8971,309
2.0344,312
1.9117,316
1.6706,316
2.0608,294
1.8507,332
2.0268,309
2.0328,290
1.9748,296
2.1444,293
2.0690,293
2.0077,287
1.9886,299
1.9185,320
2.3806,204
