1.3626,247
1.4745,230
1.2543,265
1.1591,266
1.2204,256
1.0761,269
1.0650,275
1.0612,278
1.2124,251
1.1036,260
1.0349,273
1.1333,265
1.1344,256
1.1350,267
1.1493,255
1.1999,261
1.0039,281
0.9623,276
0.9602,273
1.0534,258
1.0953,256
1.0804,275
1.0781,246
1.1746,257
1.2681,250
0.9945,281
1.1837,258
1.2337,262
1.1379,256
1.1471,277
1.2095,260
1.2255,246
1.2373,261
1.2557,259
1.2036,246
1.2316,248
1.4144,245
1.3411,251
1.1482,246
1.2837,255
1.1763,256
1.1639,264
1.1307,262
1.3583,245
1.1119,267
1.2914,250
1.2868,244
1.1728,247
1.3597,249
1.3745,240
1.2673,245
1.4134,240
1.1750,269
1.1873,251
1.1115,270
1.3263,245
1.1769,254
1.3153,264
1.2397,241
1.4378,242
1.2350,248
1.3558,245
1.1897,249
1.2713,245
1.2216,250
1.2074,243
1.3823,238
1.4137,241
1.0502,272
1.1805,254
1.2604,256
1.1484,261
1.2624,247
1.1994,257
1.2201,252
1.2071,259
1.4070,241
1.3897,239
1.3006,253
1.3057,256
1.1248,267
1.0970,280
1.3358,243
1.1812,260
1.2419,250
1.3730,243
1.2146,270
1.2442,265
1.2677,245
1.2159,257
1.2674,255
1.1527,256
1.3148,250
1.1879,256
1.3063,255
1.5429,229
1.3025,246
1.3182,252
1.4239,248
1.3775,245
1.3390,242
1.2699,245
1.3262,247
1.4338,230
1.1714,255
1.3486,240
1.2468,264
1.3089,247
1.2349,270
1.1323,267
1.4185,258
1.2266,258
1.4064,246
1.2287,259
1.2819,246
1.3617,249
1.3494,249
1.2871,238
1.3686,246
1.4616,252
1.3645,240
1.3712,245
1.3012,256
1.1581,283
1.3399,254
1.3185,246
1.2804,243
1.3524,241
1.3605,245
1.2977,252
1.2269,262
1.3616,248
1.3182,246
1.2432,255
1.3306,250
1.4539,231
1.2697,252
1.2363,258
1.3276,249
1.2517,255
1.3535,252
1.2538,251
1.5150,233
1.3111,254
1.5210,227
1.3119,256
1.2651,257
1.4241,249
1.4690,241
1.3345,249
1.4971,243
1.2733,260
1.2908,260
1.3553,241
1.1731,274
1.2686,239
1.3602,254
1.4153,240
1.3028,244
1.3003,248
1.2873,248
1.2514,261
1.5194,242
1.3850,247
1.3933,244
1.2389,258
1.2959,256
1.4485,252
1.4290,252
1.4025,240
1.4569,229
1.2983,265
1.4994,234
1.4005,255
1.2510,254
1.2534,254
1.4476,247
1.1702,274
1.2271,252
1.4919,239
1.3048,236
1.2394,255
1.2837,257
1.2917,256
1.2787,254
1.3053,257
1.3373,259
1.4397,238
1.1858,254
1.2992,258
1.2787,253
1.3534,255
1.4115,249
1.4319,242
1.3159,255
1.2656,253
1.2920,254
1.3753,241
1.3711,252
1.3338,246
1.2845,253
1.4072,252
1.3412,246
1.4147,236
1.3671,245
1.3915,239
1.5110,228
1.1382,272
1.3810,248
1.4395,233
1.2848,255
1.2765,250
1.4286,250
1.4189,255
1.4012,236
1.3808,237
1.2595,257
1.3134,254
1.1932,272
1.3450,251
1.4262,246
1.3866,247
1.3722,244
1.3040,247
1.4087,243
1.3927,259
1.3060,255
1.2992,256
1.3957,244
1.4166,250
1.4140,241
1.2741,262
1.4426,240
1.3813,256
1.3946,246
1.5075,233
1.3955,246
1.3825,247
1.3551,243
1.3784,258
1.2845,255
1.3209,254
1.3174,239
1.4695,240
1.3634,241
1.5752,232
1.5639,238
1.4207,246
1.3936,258
1.3385,245
1.2487,256
1.3505,241
1.4576,247
1.3156,251
1.3634,253
1.3112,250
1.5085,235
1.4620,243
1.3541,254
1.4158,243
1.3244,258
1.2826,249
1.3947,257
1.2654,262
1.2101,266
1.4581,243
1.4323,244
1.2244,265
1.3148,253
1.4188,251
1.5205,238
1.3578,248
1.5048,232
1.3868,254
1.4835,248
1.4602,231
1.4024,246
1.4311,243
1.5978,238
1.3691,256
1.4749,242
1.4146,242
1.3807,257
1.3160,256
1.3034,254
1.2501,254
1.4047,250
1.3575,253
1.3789,250
1.5870,243
1.4666,237
1.3574,248
1.3558,260
1.2911,258
1.4024,242
1.4643,249
1.3400,256
1.4792,231
1.4982,233
1.3449,259
1.3704,253
1.3402,251
1.4362,250
1.2806,259
1.3473,255
1.6380,232
1.3259,249
1.3533,260
1.4242,249
1.3119,257
1.4003,254
1.3811,257
1.4771,241
1.2762,265
1.4629,245
1.2498,255
1.4201,244
1.4043,256
1.4056,255
1.4165,250
1.5966,228
1.2802,259
1.4182,256
1.4107,240
1.3285,247
1.6545,219
1.4709,241
1.3869,245
1.4504,240
1.4411,235
1.4728,236
1.4694,229
1.2442,260
1.5377,236
1.4682,246
1.3275,254
1.3285,249
1.2908,255
1.4877,243
1.3499,254
1.5039,246
1.4357,251
1.4426,243
1.5372,235
1.3974,260
1.2662,260
1.3765,262
1.5290,242
1.3700,242
1.4672,236
1.4656,238
1.4551,236
1.5022,235
1.2966,254
1.4131,250
1.4239,249
1.4509,244
1.3665,251
1.3396,247
1.5309,243
1.4856,240
1.3933,254
1.5139,232
1.6044,236
1.4932,239
1.4436,240
1.6106,226
1.2883,260
1.3751,245
1.3846,259
1.4878,244
1.3243,264
1.3046,251
1.5208,236
1.3497,240
1.4869,251
1.3800,246
1.4100,242
1.4397,248
1.4494,236
1.5497,240
1.3957,247
1.5259,249
1.5284,241
1.4505,244
1.5823,246
1.4804,240
1.5107,248
1.4263,244
1.3723,240
1.4121,254
1.2155,266
1.4047,252
1.4175,250
1.3679,250
1.5122,233
1.3819,249
1.3090,247
1.4992,236
1.3804,251
1.3229,257
1.3561,266
1.3287,250
1.5567,241
1.3888,258
1.1279,263
1.4528,247
1.5179,239
1.4441,253
1.1712,277
1.3805,249
1.3116,263
1.2865,270
1.3307,254
1.4895,252
1.5524,238
1.3738,248
1.3955,242
1.3616,259
1.5622,246
1.4931,246
1.3733,245
1.4207,250
1.3898,259
1.5642,234
1.5055,234
1.3713,255
1.5656,253
1.4387,242
1.2302,257
1.3175,267
1.4285,253
1.3030,255
1.4486,252
1.4506,235
1.5115,249
1.2458,264
1.5190,241
1.1895,265
1.4306,248
1.5127,232
1.2675,245
1.5640,233
1.3076,253
1.3749,261
1.5288,240
1.3571,252
1.7170,219
1.3972,248
1.5341,241
1.6088,233
1.6253,220
1.4782,237
1.3318,257
1.6242,235
1.4943,243
1.4180,247
1.3385,250
1.5287,234
1.4603,240
1.6176,231
1.3902,248
1.4430,235
1.4293,243
1.5275,238
1.6511,238
1.4013,241
1.4885,246
1.4596,243
1.4810,240
1.5553,242
1.4948,245
1.4758,244
1.3525,238
1.3623,255
1.2883,271
1.4382,256
1.4884,243
1.5001,243
1.3564,251
1.4897,254
1.4615,235
1.3808,239
1.4904,241
1.5340,231
1.4679,241
1.5732,230
1.3715,245
1.4715,246
1.4915,241
1.4806,248
1.5748,244
1.3901,256
1.4300,242
1.4998,246
1.5137,240
1.4626,251
1.5187,240
1.4730,243
1.4072,255
1.6387,236
1.4749,242
1.4856,259
1.3431,262
1.5152,227
1.5327,252
1.5007,237
1.3962,246
1.3959,248
1.3739,259
1.4490,253
1.4891,236
1.3723,248
1.3909,235
1.3982,243
1.4962,239
1.4829,240
1.5497,238
1.5503,250
1.5580,240
1.4786,227
1.4492,256
1.5197,248
1.5358,246
1.4846,245
1.4084,238
1.6051,230
1.3902,251
1.4021,241
1.3938,240
1.5044,236
1.4899,240
1.5491,241
1.5685,246
1.4125,257
1.6183,235
1.4600,256
1.4954,249
1.3780,249
1.4937,240
1.3095,255
1.2924,261
1.4496,252
1.3959,246
1.3381,247
1.4812,243
1.4423,248
1.3991,253
1.3963,244
1.5645,239
1.5036,228
1.3504,255
1.5234,246
1.4643,246
1.4092,256
1.5715,237
1.5745,243
1.4906,230
1.4282,261
1.5781,242
1.5530,236
1.4217,245
1.4372,256
1.4010,242
1.3378,259
1.3884,263
1.4735,248
1.4812,242
1.3537,253
1.6355,230
1.2477,266
1.5657,243
1.3872,251
1.2913,254
1.5522,242
1.5616,240
1.3919,262
1.4418,244
1.3931,243
1.5850,247
1.3806,256
1.5230,235
1.5358,237
1.4012,248
1.5027,244
1.5982,232
1.5653,230
1.4112,246
1.5467,249
1.5760,245
1.5425,241
1.5520,242
1.6176,229
1.5031,254
1.4147,248
1.5181,234
1.5643,240
1.5845,234
1.5542,231
1.4323,240
1.4140,249
1.6409,233
1.3453,258
1.5262,253
1.3556,246
1.6423,234
1.3606,263
1.4380,254
1.5010,242
1.2957,262
1.4460,246
1.6414,247
1.6285,235
1.4410,243
1.4928,250
1.5785,251
1.3819,244
1.4932,248
1.4128,245
1.4159,255
1.5842,231
1.7182,218
1.5561,245
1.5975,237
1.3072,266
1.6475,242
1.4171,246
1.4759,233
1.5101,242
1.5541,248
1.3757,253
1.6477,235
1.6650,223
1.5398,243
1.4006,262
1.3460,261
1.3833,255
1.3331,255
1.7176,230
1.5499,248
1.2739,254
1.3731,262
1.7386,232
1.5157,230
1.5128,237
1.2775,270
1.5071,250
1.6126,234
1.7494,220
1.3865,257
1.4938,242
1.5059,243
1.4898,251
1.4753,250
1.5275,236
1.5564,243
1.3548,258
1.4707,247
1.5181,242
1.3766,251
1.4431,256
1.5333,230
1.5134,243
1.4191,240
1.3183,241
1.3920,250
1.3880,250
1.5729,235
1.4879,251
1.6518,236
1.3596,262
1.3989,263
1.6173,237
1.5100,238
1.5104,239
1.5182,240
1.1873,266
1.5197,240
1.6334,249
1.6083,240
1.4710,243
1.5067,246
1.3818,248
1.4805,244
1.5640,240
1.5897,238
1.6453,236
1.5792,245
1.6269,242
1.5314,240
1.5478,234
1.3517,256
1.5660,250
1.3906,253
1.6285,228
1.5302,246
1.5260,254
1.4986,242
1.3702,252
1.4713,227
1.5487,246
1.4548,244
1.5680,246
1.4642,238
1.5685,249
1.4792,250
1.6313,235
1.4397,247
1.4216,258
1.3462,249
1.4326,252
1.4021,241
1.3934,260
1.4900,250
1.6055,244
1.5228,244
1.5699,245
1.5895,243
1.3575,251
1.6455,235
1.6468,233
1.4681,250
1.5932,236
1.6208,239
1.6912,237
1.5199,247
1.5343,242
1.5384,241
1.4699,235
1.6449,233
1.5895,233
1.3589,258
1.5240,238
1.3592,253
1.6994,237
1.5733,224
1.5422,243
1.3110,256
1.3548,249
1.4643,246
1.6578,229
1.6994,240
1.7895,223
1.5361,246
1.3276,251
1.4237,256
1.4059,249
1.4178,240
1.4902,236
1.3919,244
1.4825,247
1.3972,256
1.4620,257
1.5961,236
1.6500,241
1.4860,250
1.6619,229
1.4374,262
1.5010,248
1.4714,256
1.5519,226
1.6550,239
1.7999,232
1.4041,254
1.4378,252
1.5262,241
1.4647,243
1.4056,247
1.4733,245
1.6518,245
1.6091,234
1.6063,235
1.5517,252
1.4815,243
1.4498,246
1.5486,243
1.4409,244
1.4472,255
1.5547,240
1.4216,268
1.4949,242
1.3886,255
1.5785,236
1.5810,244
1.7773,230
1.5216,252
1.4064,248
1.5448,251
1.4677,252
1.3792,253
1.3949,247
1.5698,248
1.4620,251
1.5476,255
1.5427,248
1.4845,252
1.7555,235
1.5115,253
1.4613,253
1.6646,222
1.5252,235
1.6276,238
1.6801,230
1.4815,239
1.4628,246
1.5852,229
1.3738,256
1.3429,255
1.4593,252
1.5311,245
1.3374,252
1.4010,250
1.3878,243
1.5836,238
1.5201,255
1.5523,238
1.4519,250
1.3988,262
1.5782,243
1.4356,258
1.3852,251
1.4708,238
1.4902,254
1.5870,244
1.5574,243
1.5904,245
1.4648,252
1.6124,239
1.5056,247
1.4065,243
1.3644,243
1.4547,245
1.5122,249
1.3000,256
1.3312,263
1.5460,249
1.4545,254
1.4271,253
1.3260,260
1.4427,243
1.4368,263
1.4820,244
1.5428,256
1.5424,249
1.4077,251
1.3883,242
1.5269,246
1.3735,256
1.6614,243
1.6315,239
1.4043,246
1.4291,254
1.3736,250
1.7403,241
1.5035,251
1.4310,250
1.3793,261
1.2311,265
1.6620,229
1.3648,260
1.4876,254
1.4196,255
1.4075,246
1.5337,244
1.4549,251
1.4968,253
1.3933,262
1.4498,247
1.3093,262
1.2848,256
1.5181,248
1.5006,252
1.4848,244
1.5765,242
1.4840,254
1.4675,246
1.5485,232
1.3317,266
1.3518,259
1.5801,237
1.4048,269
1.6333,234
1.6560,242
1.5334,241
1.4824,246
1.4523,251
1.6682,254
1.6295,235
1.4313,257
1.4308,236
1.4273,254
1.4790,250
1.6309,236
1.6518,235
1.6096,236
1.3995,250
1.5920,223
1.5759,248
1.4340,244
1.6310,244
1.7186,223
1.4238,251
1.5900,244
1.6419,246
1.4192,255
1.4370,248
1.5494,237
1.4613,259
1.5923,233
1.6948,246
1.3811,248
1.6293,243
1.3597,264
1.2349,250
1.4884,247
1.4890,239
1.5452,246
1.5893,243
1.5283,241
1.4155,258
1.6608,227
1.4071,261
1.6927,227
1.6699,241
1.5020,242
1.7468,233
1.6869,236
1.5908,253
1.5938,233
1.5437,247
1.6562,229
1.7900,236
1.5171,241
1.4622,257
1.4958,255
1.6603,229
1.5266,241
1.5223,255
1.5486,251
1.6190,242
1.6977,230
1.6375,252
1.4934,234
1.5951,247
1.4430,245
1.4359,247
1.3830,253
1.3993,254
1.6515,241
1.4412,259
1.7345,225
1.4099,251
1.4970,250
1.4554,252
1.4612,257
1.7073,223
1.5255,246
1.5977,246
1.4804,232
1.6426,242
1.6408,239
1.6080,233
1.4288,240
1.4919,245
1.5858,236
1.6839,233
1.4721,244
1.6111,232
1.3868,251
1.5490,251
1.6189,247
1.4757,265
1.6102,248
1.3249,258
1.5082,238
1.4278,258
1.6034,242
1.5546,243
1.3307,263
1.5597,248
1.4090,249
1.4607,263
1.3445,264
1.5845,256
1.4712,250
1.4721,237
1.5320,244
1.7577,241
1.5007,259
1.4821,250
1.5994,235
1.5600,251
1.4895,245
1.2880,267
1.6957,229
1.5489,253
1.5189,254
1.6144,243
1.5238,242
1.4246,252
1.4920,241
1.4231,244
1.4705,250
1.5343,239
1.3171,263
1.5363,246
1.4638,246
1.4247,259
1.6263,249
1.3909,256
1.4560,254
1.3813,247
1.7356,238
1.5091,264
1.4826,237
1.4730,231
1.5216,246
1.7349,228
1.3628,265
1.5970,230
1.7125,231
1.7393,230
1.6260,238
1.8144,235
1.5377,254
1.5549,244
1.6352,235
1.6750,233
1.5070,236
1.7029,229
1.4500,258
1.4658,241
1.4433,260
1.5657,240
1.5392,247
1.4959,251
1.5598,249
1.4827,256
1.5513,241
1.5691,250
1.4504,252
1.5413,241
1.3386,265
1.5223,244
1.5934,235
1.4479,259
1.5728,227
1.5339,262
1.5304,246
1.6343,244
1.5849,249
1.7264,239
1.5736,248
1.7109,243
1.6617,241
1.6515,244
1.8368,227
1.4485,249
1.5431,236
1.4935,253
1.5265,245
1.3734,256
1.5589,246
1.4403,256
1.4788,260
1.6179,241
1.4281,250
1.4806,250
1.5431,249
1.3698,259
1.4643,254
1.5764,250
1.4636,256
1.5611,257
1.5562,246
1.4829,241
1.4505,243
1.4641,264
1.4654,242
1.4648,236
1.5584,239
1.5895,245
1.4285,261
1.5067,256
1.4174,263
1.4505,249
1.5163,238
1.5467,245
1.6032,229
1.7559,228
1.6350,238
1.3875,257
1.4076,250
1.4579,248
1.6589,243
1.4852,250
1.6454,241
1.6646,222
1.5109,250
1.4083,257
1.2115,270
1.6213,235
1.7150,222
1.5566,248
1.5314,246
1.6798,231
1.4882,248
1.5454,241
1.5342,242
1.5465,243
1.8544,234
1.7258,234
1.5030,253
1.6414,232
1.2913,272
1.6905,226
1.4554,244
1.4380,246
1.7888,230
1.4730,248
1.2427,262
1.4836,243
1.4201,250
1.3400,253
1.3483,258
1.6527,239
1.5267,248
1.6180,260
1.4359,258
1.3631,257
1.5410,236
1.7882,238
1.5729,244
1.4489,257
1.4462,256
1.4238,251
1.3935,248
1.5336,243
1.4356,254
1.6716,247
1.3635,265
1.5046,241
1.4632,254
1.4586,258
1.4193,250
1.5776,234
1.5324,246
1.5451,244
1.5665,241
1.2854,259
1.4649,251
1.6144,243
1.6326,236
1.4624,254
1.5866,238
1.5681,247
1.5398,239
1.4914,255
1.4231,253
1.7582,240
1.5180,254
1.6418,241
1.5766,249
1.1614,275
1.6348,228
1.4437,257
1.2727,259
1.3993,250
1.5250,251
1.5062,249
1.4062,255
1.5641,250
1.7701,228
1.5023,246
1.5272,252
1.5499,242
1.6332,233
1.7343,231
1.5099,249
1.3832,255
1.7574,241
1.3815,238
1.4850,244
1.6602,250
1.6993,226
1.6178,245
1.4405,242
1.5373,251
1.4105,257
1.7227,236
1.6402,241
1.4382,250
1.4767,250
1.6190,243
1.5486,241
1.5950,242
1.6809,245
1.5835,228
1.4066,240
1.4398,245
1.6180,233
1.6425,236
1.2783,266
1.4308,253
1.4876,238
1.6564,235
1.6096,229
1.6165,249
1.6466,250
1.4391,259
1.3898,254
1.5599,243
1.4270,253
1.3203,257
1.6216,235
1.5242,252
1.5060,240
1.5882,239
1.3827,259
1.5524,253
1.5125,252
1.5145,249
1.4030,259
1.5530,259
1.6158,236
1.3571,249
1.4156,247
1.3927,255
1.4308,249
1.4402,260
1.5611,239
1.7187,238
1.5813,254
1.4688,251
1.4405,263
1.5289,244
1.4197,248
1.2577,257
1.5953,253
1.3969,257
1.6873,245
1.5334,249
1.6590,238
1.4550,247
1.4705,246
1.4790,250
1.4000,259
1.6303,235
1.5331,250
1.6338,246
1.5727,245
1.7080,233
1.5504,248
1.4375,254
1.5478,239
1.6683,237
1.5669,254
1.3263,261
1.4713,236
1.3956,258
1.6249,226
1.5980,233
1.7274,248
1.4919,252
1.4110,256
1.5041,236
1.4828,249
1.4264,253
1.4775,246
1.3796,252
1.4953,249
1.5644,253
1.4086,249
1.4449,251
1.5142,251
1.5313,234
1.3713,252
1.3285,272
1.4127,254
1.6634,249
1.6942,238
1.4197,248
1.6555,244
1.4413,245
1.5669,241
1.4660,256
1.4081,248
1.6315,239
1.6418,230
1.3336,256
1.5908,239
1.4783,248
1.5037,249
1.3379,255
1.6893,250
1.4633,251
1.5533,252
1.4845,260
1.4553,247
1.4819,247
1.5943,244
1.4595,258
1.3031,256
1.6282,243
1.6442,238
1.7335,238
1.4274,259
1.4450,247
1.4399,249
1.5867,251
1.5610,239
1.4788,258
1.5631,244
1.5359,256
1.4608,252
1.4950,249
1.4120,259
1.6333,236
1.5307,249
1.4648,245
1.7366,236
1.5805,248
1.5120,247
1.5613,241
1.4732,233
1.5195,241
1.5864,249
1.2749,257
1.5115,251
1.5347,248
1.7270,236
1.3667,253
1.6197,247
1.4001,258
1.4745,260
1.6659,251
1.5865,247
1.4634,243
1.5543,249
1.5792,243
1.6445,245
1.4181,253
1.3885,256
1.4302,252
1.6864,229
1.7472,227
1.5788,238
1.5069,258
1.3775,263
1.4676,254
1.5122,254
1.6447,238
1.4304,262
1.4369,249
1.5541,248
1.5762,249
1.5682,248
1.4982,255
1.5348,234
1.6034,250
1.3577,256
1.6088,254
1.5238,239
1.7221,232
1.3983,258
1.4040,234
1.6003,236
1.5719,236
1.5548,249
1.3716,265
1.5075,245
1.6009,252
1.4985,250
1.5073,253
1.5161,258
1.4473,254
1.8007,237
1.4844,246
1.4655,253
1.3769,272
1.6898,242
1.2489,273
1.6651,235
1.3997,254
1.3530,254
1.3971,270
1.6387,235
1.5025,259
1.5863,235
1.5527,250
1.5632,241
1.4831,264
1.4952,239
1.3150,261
1.5286,248
1.5104,249
1.4433,259
1.7017,231
1.5215,241
1.7140,240
1.6617,246
1.3469,248
1.6361,247
1.8151,227
1.5097,252
1.5560,237
1.4222,257
1.6713,245
1.4591,249
1.5280,247
1.5640,249
1.5237,252
1.6397,253
1.5523,260
1.7672,237
1.6107,242
1.4163,263
1.5204,253
1.6703,225
1.4866,246
1.4117,254
1.5464,245
1.5247,248
1.4822,243
1.7562,239
1.4559,252
1.5473,245
1.5824,256
1.4004,260
1.3164,256
1.3344,261
1.4989,252
1.5591,238
1.3039,260
1.4483,261
1.5061,236
1.8634,223
1.5829,252
1.3347,258
1.4133,273
1.3725,244
1.3930,266
1.6090,236
1.4876,244
1.5083,259
1.6391,225
1.4865,249
1.5114,248
1.6490,241
1.4418,252
1.5619,244
1.7763,236
1.6270,246
1.5565,246
1.3551,259
1.5120,255
1.5813,252
1.4240,247
1.5773,246
1.6053,239
1.6861,237
1.4866,249
1.8049,235
1.5513,244
1.5674,245
1.4860,245
1.5442,250
1.6797,250
1.3628,256
1.4391,253
1.4912,240
1.3726,250
1.4878,252
1.4947,241
1.4800,250
1.3122,248
1.4362,256
1.5183,253
1.5593,238
1.5266,241
1.4453,257
1.3471,266
1.3644,254
1.1400,273
1.5199,256
1.4570,239
1.5436,247
1.2770,262
1.5544,260
1.4986,248
1.4266,258
1.3091,258
1.4946,252
1.5394,245
1.6439,246
1.4686,257
1.3949,256
1.6537,233
1.4298,257
1.5007,257
1.6516,239
1.6043,252
1.5824,246
1.3682,248
1.5561,244
1.7245,243
1.3130,259
1.6493,245
1.5927,252
1.5186,245
1.6312,242
1.5278,241
1.5582,240
1.5280,259
1.4132,258
1.5507,257
1.4256,250
1.3793,247
1.7101,250
1.4873,249
1.4170,260
1.5539,242
1.5179,255
1.6667,239
1.5199,236
1.4905,241
1.3051,273
1.2420,265
1.6140,254
1.4796,255
1.1913,278
1.3425,264
1.5656,239
1.5144,253
1.5609,234
1.5717,244
1.3981,252
1.3626,249
1.3627,257
1.4621,246
1.4079,256
1.5762,255
1.4182,261
1.3835,259
1.5931,234
1.4583,247
1.4015,269
1.6017,243
1.5998,245
1.5505,244
1.4055,247
1.5784,243
1.6756,230
1.2312,271
1.7352,219
1.4689,262
1.4150,250
1.5333,248
1.5595,242
1.3589,266
1.6365,243
1.6373,229
1.6046,240
1.4745,263
1.4163,250
1.4233,261
1.4374,243
1.4529,250
1.2176,272
1.4839,267
1.7327,237
1.6763,237
1.4148,254
1.4439,244
1.4657,252
1.6149,245
1.4754,259
1.7192,234
1.4903,240
1.6305,232
1.2616,265
1.6405,237
1.5286,245
1.7254,233
1.3832,261
1.4636,255
1.4362,252
1.4103,253
1.5236,252
1.3934,262
1.4214,245
1.6335,234
1.3984,263
1.5562,236
1.4431,261
1.3808,259
1.6349,249
1.5173,248
1.5115,251
1.3854,267
1.6621,249
1.5514,249
1.6000,245
1.3783,260
1.3964,266
1.5690,250
1.4252,258
1.3112,266
1.4852,247
1.4817,260
1.6171,238
1.4813,255
1.4546,262
1.5404,245
1.5877,226
1.5491,256
1.3947,253
1.4216,252
1.5877,239
1.5142,249
1.3818,265
1.5027,245
1.5134,260
1.4835,244
1.5903,256
1.3879,269
1.4755,255
1.4486,248
1.4569,244
1.7269,236
1.7040,234
1.4785,247
1.7414,235
1.4591,249
1.6426,242
1.5560,251
1.5285,257
1.5635,245
1.5560,255
1.7599,243
1.5885,241
1.3816,264
1.4220,269
1.3834,262
1.5315,250
1.5748,235
1.5783,251
1.6128,246
1.6722,233
1.8056,223
1.4213,248
1.4110,264
1.2814,261
1.7164,227
1.4889,246
1.4994,247
1.6797,247
1.5805,247
1.6072,244
1.4265,255
1.6456,240
1.3296,253
1.6087,242
1.7632,246
1.6835,243
1.5830,245
1.7927,240
1.6856,226
1.4827,253
1.6207,245
1.7753,238
1.6244,240
1.5175,255
1.5585,251
1.5556,249
1.4309,254
1.4274,258
1.5557,253
1.4435,246
1.4969,252
1.5526,231
1.4342,251
1.5492,261
1.5159,244
1.8043,236
1.4664,257
1.5596,243
1.5284,251
1.5298,246
1.5330,259
1.4888,264
1.6968,223
1.4558,261
1.4546,255
1.5711,242
1.5381,246
1.4882,257
1.3981,252
1.6740,247
1.4667,250
1.6526,251
1.6030,240
1.4360,252
1.5677,245
1.3424,259
1.4482,261
1.4631,265
1.5312,245
1.3632,265
1.4476,253
1.4943,248
1.2897,260
1.6672,240
1.4855,271
1.4386,254
1.5295,251
1.4503,250
1.4258,250
1.5658,253
1.2632,283
1.6941,245
1.4165,254
1.4302,251
1.2856,256
1.4877,255
1.2372,264
1.6224,243
1.4233,256
1.6587,247
1.4734,256
1.3540,265
1.5861,228
1.5110,253
1.1972,280
1.5673,256
1.5913,232
1.3034,263
1.6571,254
1.5166,247
1.4099,253
1.6691,240
1.6665,257
1.4564,257
1.6291,248
1.5072,237
1.7365,236
1.4550,267
1.5953,248
1.5446,251
1.4477,246
1.4177,257
1.5811,240
1.3883,257
1.3153,257
1.4119,253
1.3552,272
1.3205,257
1.4488,267
1.5324,253
1.5686,253
1.4104,254
1.4893,264
1.5432,249
1.6451,248
1.3491,262
1.3819,258
1.6248,249
1.5399,246
1.5014,258
1.5536,255
1.4811,255
1.2479,257
1.4403,248
1.3655,255
1.3837,259
1.3312,258
1.4079,256
1.4146,255
1.5410,260
1.4484,251
1.4113,250
1.5246,247
1.4667,240
1.5039,252
1.4316,258
1.3708,263
1.6581,256
1.5559,242
1.5952,251
1.4664,261
1.4617,255
1.5511,236
1.5120,257
1.1957,276
1.6895,242
1.8080,238
1.3854,264
1.6511,236
1.4788,254
1.3842,260
1.8047,234
1.3705,249
1.5818,237
1.8548,228
1.2653,272
1.5720,251
1.3503,264
1.5190,245
1.3839,257
1.4585,245
1.3715,254
1.3159,255
1.5191,257
1.5456,241
1.3281,272
1.3959,253
1.3779,258
1.4002,250
1.5065,254
1.5894,250
1.3177,263
1.6224,249
1.3792,259
1.6613,240
1.5030,239
1.4835,249
1.3663,246
1.6048,256
1.4791,249
1.3686,258
1.4578,262
1.3364,259
1.5846,238
1.4424,251
1.4734,254
1.3921,252
1.6184,239
1.4662,249
1.2340,270
1.5518,238
1.4886,258
1.5686,248
1.5182,246
1.5395,241
1.3965,258
1.6514,251
1.4998,249
1.4812,251
1.6168,240
1.5585,245
1.4818,252
1.5123,252
1.4678,253
1.3947,267
1.4301,253
1.3043,267
1.5359,248
1.2176,275
1.2832,275
1.4580,257
1.4495,247
1.5262,249
1.4775,243
1.4978,259
1.4187,259
1.3709,255
1.5198,260
1.4731,248
1.5873,256
1.4862,253
1.5393,238
1.3448,262
1.5077,262
1.4201,246
1.3321,254
1.5311,249
1.4140,257
1.5740,241
1.5031,256
1.4623,255
1.5490,253
1.4239,254
1.5602,254
1.4114,255
1.4034,250
1.5199,252
1.5544,250
1.3371,251
1.4752,257
1.2063,265
1.5535,251
1.5069,249
1.5745,238
1.5231,246
1.3380,259
1.7015,240
1.5158,243
1.7416,228
1.4773,245
1.5095,247
1.4688,252
1.4903,246
1.4276,261
1.7001,243
1.4064,256
1.4421,251
1.5885,253
1.4965,246
1.4256,250
1.4794,254
1.3593,264
1.5634,252
1.4857,255
1.3654,247
1.3041,263
1.3515,261
1.5478,231
1.4818,244
1.4486,256
1.4730,251
1.3751,256
1.4323,255
1.4902,242
1.4192,254
1.5417,244
1.4778,261
1.4392,262
1.6032,233
1.4933,254
1.3751,254
1.6628,250
1.4593,249
1.6637,247
1.5130,243
1.6635,237
1.5344,247
1.6382,237
1.4565,248
1.4532,271
1.3303,261
1.4712,249
1.4351,260
1.6844,231
1.5402,256
1.4864,254
1.5438,254
1.4444,258
1.3541,261
1.4590,251
1.4224,256
1.4212,249
1.2641,270
1.3925,240
1.5038,248
1.4994,253
1.5163,256
1.4516,251
1.4634,255
1.4614,251
1.1999,270
1.5045,248
1.7226,240
1.4623,258
1.6059,245
1.4715,254
1.4596,246
1.5032,248
1.3989,248
1.3912,254
1.4580,255
1.2833,262
1.4416,244
1.2494,278
1.3532,259
1.6761,248
1.2760,250
1.4822,240
1.8283,232
1.6540,254
1.3583,261
1.4332,251
1.4676,243
1.3695,266
1.4066,260
1.4696,247
1.4959,251
1.3039,258
1.3840,264
1.4052,248
1.5484,242
1.5857,257
1.5681,262
1.4485,252
1.4785,245
1.5701,258
1.4750,245
1.4244,259
1.4038,256
1.3473,261
1.4603,239
1.4003,256
1.6191,268
1.3019,258
1.5207,252
1.4203,250
1.2776,266
1.5729,260
1.3425,263
1.3396,267
1.3359,253
1.4226,257
1.3704,258
1.4897,255
1.3897,261
1.2918,277
1.4909,254
1.4724,253
1.4396,259
1.5061,253
1.3740,263
1.3516,258
1.2059,265
1.4241,252
1.3451,263
1.5208,258
1.5518,254
1.1896,285
1.5780,238
1.3802,258
1.2944,258
1.5270,241
1.4955,255
1.5847,254
1.4251,255
1.4603,257
1.5332,242
1.4240,258
1.3455,271
1.3739,266
1.4450,261
1.4089,260
1.2785,254
1.5808,242
1.5862,236
1.6898,228
1.3100,263
1.5555,247
1.4859,245
1.5842,255
1.4708,253
1.4644,252
1.4417,245
1.3852,249
1.3011,265
1.4427,254
1.4939,255
1.4123,259
1.4345,255
1.5701,238
1.2712,259
1.5682,247
1.5750,236
1.5525,248
1.3564,260
1.6356,246
1.4537,256
1.5912,251
1.3242,266
1.4991,257
1.5413,263
1.7074,246
1.4574,257
1.5968,242
1.2983,261
1.4220,261
1.5018,248
1.5262,251
1.5052,261
1.3412,257
1.3790,268
1.3711,258
1.5273,246
1.4644,248
1.4858,249
1.3915,252
1.2231,263
1.5360,241
1.5890,250
1.6701,232
1.5143,254
1.4226,253
1.5860,250
1.2495,262
1.4725,253
1.5148,248
1.6925,246
1.5427,252
1.6148,244
1.4240,248
1.4582,247
1.3877,260
1.7941,242
1.4329,243
1.7154,245
1.5175,257
1.5841,247
1.6467,238
1.6374,241
1.3348,268
1.4004,243
1.4225,258
1.3848,264
1.4830,251
1.4051,257
1.3954,246
1.3654,261
1.1976,261
1.3865,265
1.4841,256
1.5035,247
1.4521,250
1.4070,259
1.3870,268
1.4721,253
1.5367,257
1.3417,266
1.4443,250
1.2055,264
1.4184,257
1.4233,266
1.6457,243
1.5517,248
1.6301,257
1.5127,260
1.3412,273
1.6090,247
1.4680,239
1.3230,264
1.4938,261
1.5034,252
1.4924,248
1.3795,260
1.4045,249
1.6276,237
1.2782,260
1.5117,262
1.4977,256
1.6105,249
1.2803,273
1.4899,246
1.4432,253
1.5351,254
1.4125,253
1.5317,249
1.5706,246
1.5092,248
1.5161,256
1.4817,262
1.5401,247
1.5144,243
1.4136,249
1.5392,250
1.5551,256
1.5834,247
1.5133,257
1.5306,263
1.4771,248
1.3136,265
1.5129,241
1.5398,236
1.6124,246
1.5242,248
1.6043,247
1.5810,248
1.5307,244
1.5983,243
1.4194,249
1.6645,235
1.7447,248
1.4881,265
1.5577,233
1.5688,239
1.4517,249
1.6534,251
1.3704,266
1.5382,252
1.5312,244
1.3936,259
1.5422,260
1.4455,263
1.5262,255
1.3270,250
1.5482,251
1.6968,243
1.5123,248
1.6298,238
1.6015,255
1.4703,256
1.5041,249
1.3912,254
1.5406,255
1.4529,259
1.5332,257
1.2876,265
1.5386,253
1.4833,247
1.4860,248
1.6201,250
1.3813,256
1.4550,256
1.4698,245
1.4124,262
1.2637,258
1.4700,255
1.4813,250
1.3594,253
1.4352,254
1.5093,258
1.5446,244
1.5915,249
1.4634,264
1.5939,260
1.5024,250
1.4167,259
1.4121,256
1.5847,251
1.4284,266
1.3607,256
1.4173,264
1.5419,259
1.4896,256
1.2652,264
1.5500,258
1.6837,237
1.3671,248
1.5314,247
1.5275,248
1.4247,256
1.3794,261
1.5159,227
1.4911,254
1.4892,259
1.4613,264
1.3869,257
1.7029,236
1.4735,256
1.5127,258
1.3226,262
1.5311,249
1.5221,248
1.6194,238
1.4547,249
1.3143,258
1.4895,244
1.6366,245
1.5711,256
1.5842,247
1.4479,241
1.4243,260
1.4582,254
1.3292,255
1.4793,252
1.2903,264
1.5737,249
1.4701,249
1.6229,250
1.4112,251
1.3930,241
1.4521,252
1.6840,246
1.3601,265
1.4124,259
1.4362,253
1.4976,262
1.5622,257
1.4223,258
1.3933,261
1.6487,237
1.6251,240
1.3398,255
1.6871,234
1.5518,244
1.2749,266
1.6796,238
1.6220,248
1.3125,268
1.3297,266
1.5966,266
1.6406,249
1.6343,241
1.5357,242
1.3959,259
1.5478,252
1.2606,280
1.4264,258
1.4478,263
1.3789,270
1.6903,234
1.3015,263
1.5748,250
1.5930,252
1.4203,255
1.5226,255
1.3414,268
1.5624,251
1.5612,256
1.6436,237
1.6608,253
1.4965,257
1.5977,248
1.5845,250
1.6611,243
1.4934,254
1.4887,260
1.6265,259
1.5868,250
1.3996,266
1.3374,264
1.3098,272
1.3827,262
1.4933,249
1.5483,230
1.4861,254
1.3151,264
1.3215,247
1.5373,253
1.4936,263
1.3634,264
1.6141,257
1.3708,258
1.3194,268
1.6362,231
1.6061,251
1.5697,250
1.4868,258
1.4988,254
1.6805,233
1.3760,262
1.5263,252
1.3378,271
1.5791,247
1.4996,248
1.3995,249
1.4243,257
1.3144,262
1.7035,243
1.3313,261
1.5349,250
1.6952,261
1.2949,266
1.4131,248
1.4448,258
1.4092,259
1.3405,267
1.4422,264
1.5576,260
1.6229,239
1.5659,251
1.6105,248
1.5546,261
1.4816,248
1.5913,250
1.5602,252
1.5531,247
1.6333,236
1.4371,243
1.5580,247
1.7666,233
1.7461,243
1.7671,254
1.7533,230
1.4188,263
1.4793,248
1.6500,249
1.4535,246
1.6000,245
1.4599,259
1.4037,265
1.6237,243
1.5497,253
1.5692,242
1.7130,237
1.5940,257
1.4171,260
1.4981,246
1.5051,248
1.5492,251
1.4768,274
1.3114,258
1.5857,246
1.5261,240
1.6267,251
1.3783,268
1.6542,241
1.5044,251
1.3155,265
1.4248,256
1.5178,260
1.4561,257
1.3621,255
1.4275,256
1.2242,269
1.5494,243
1.4381,262
1.4138,262
1.2159,286
1.4067,263
1.3685,265
1.3635,259
1.6247,259
1.5088,251
1.5521,242
1.0553,280
1.4132,272
1.5818,247
1.3263,256
1.4176,260
1.3978,263
1.4049,250
1.4363,261
1.4707,259
1.7608,239
1.4105,243
1.3376,268
1.4729,260
1.6267,257
1.7805,239
1.4581,243
1.5027,259
1.3729,266
1.5205,249
1.4573,261
1.3998,267
1.4695,260
1.6061,248
1.3443,262
1.5603,239
1.3003,266
1.5088,248
1.2664,272
1.5103,261
1.4258,255
1.4587,264
1.6068,253
1.5434,240
1.4459,254
1.5078,249
1.1767,278
1.4471,255
1.4883,267
1.4757,257
1.4884,257
1.3282,265
1.3463,262
1.3153,261
1.3367,255
1.4453,266
1.4965,245
1.2957,265
1.6913,243
1.4819,258
1.4423,245
1.5354,248
1.2525,264
1.3883,260
1.6856,254
1.4022,254
1.6085,236
1.5194,256
1.3740,246
1.4431,263
1.5650,251
1.4186,264
1.3501,270
1.2914,270
1.4578,270
1.5810,245
1.3011,258
1.4621,242
1.4470,257
1.5308,261
1.6344,244
1.5106,251
1.4253,256
1.6063,241
1.6298,247
1.5925,243
1.3251,267
1.4605,236
1.7749,251
1.4607,256
1.6455,242
1.4090,255
1.3629,265
1.4762,253
1.4284,267
1.6536,255
1.6565,255
1.4602,260
1.4050,268
1.3346,251
1.4949,245
1.5271,256
1.5189,253
1.5737,251
1.6776,248
1.6772,243
1.5856,253
1.4186,262
1.3145,268
1.5440,263
1.3854,272
1.5467,249
1.4306,247
1.3802,263
1.3915,255
1.5703,259
1.6011,245
1.5830,237
1.3223,271
1.5120,243
1.3804,264
1.7340,238
1.3221,260
1.3215,252
1.4725,258
1.2844,260
1.3557,247
1.5186,263
1.5500,248
1.4872,270
1.4833,252
1.3543,250
1.4592,251
1.2488,268
1.5151,247
1.4165,249
1.5481,252
1.6120,254
1.7897,230
1.5738,251
1.8102,236
1.4152,268
1.4316,260
1.3037,268
1.7077,250
1.5271,256
1.4827,256
1.4637,253
1.3392,257
1.5533,258
1.4573,260
1.3470,260
1.5074,246
1.4849,257
1.2370,272
1.4346,248
1.5295,245
1.6126,244
1.5407,247
1.5416,247
1.5208,255
1.4354,249
1.5053,252
1.8275,228
1.3557,261
1.5382,245
1.4875,246
1.2584,258
1.3634,265
1.4528,259
1.5453,254
1.4704,253
1.5087,250
1.3626,259
1.5683,244
1.3888,267
1.6344,240
1.3347,269
1.4723,259
1.6032,248
1.5267,258
1.4800,256
1.3655,274
1.4485,252
1.6258,232
1.3322,266
1.4263,259
1.4541,257
1.5759,248
1.5193,254
1.2775,266
1.4791,255
1.8681,243
1.4110,258
1.4782,256
1.3984,265
1.5282,259
1.9011,240
1.5712,252
1.6238,254
1.4281,271
1.4803,254
1.3565,267
1.5472,251
1.5071,255
1.4503,258
1.5664,259
1.3945,259
1.5146,266
1.3714,267
1.2804,268
1.5470,253
1.3813,259
1.3796,265
1.4306,261
1.4234,262
1.3227,268
1.7460,242
1.3590,265
1.4147,268
1.4658,262
1.4671,250
1.3968,259
1.4626,258
1.4734,252
1.5889,247
1.4549,255
1.3486,265
1.4514,268
1.5017,254
1.4962,261
1.7293,249
1.2043,273
1.4308,258
1.4390,250
1.5145,250
1.3587,274
1.4601,251
1.5601,250
1.3218,271
1.3850,268
1.4480,261
1.3225,269
1.4178,258
1.4189,258
1.4861,255
1.6667,246
1.5873,249
1.4010,246
1.6197,254
1.3769,263
1.2985,262
1.3616,248
1.3233,265
1.6936,252
1.6071,248
1.5323,249
1.5862,261
1.5709,255
1.6043,264
1.5353,249
1.4437,260
1.3381,266
1.7258,243
1.6211,246
1.6374,241
1.3765,263
1.5171,244
1.6192,251
1.5610,260
1.2155,280
1.6397,255
1.6090,260
1.3371,269
1.6429,241
1.4608,259
1.4410,251
1.1951,275
1.6657,250
1.5805,252
1.4480,254
1.4969,242
1.2516,272
1.4985,259
1.5665,251
1.2446,272
1.4958,258
1.2918,262
1.4176,269
1.5232,259
1.5004,249
1.6138,252
1.5219,255
1.7157,247
1.4011,258
1.7270,236
1.4323,252
1.5869,251
1.4100,257
1.4876,247
1.8778,245
1.3672,263
1.5453,241
1.4364,258
1.4895,252
1.4280,256
1.3761,251
1.6212,253
1.6043,252
1.4380,261
1.4886,265
1.6227,242
1.4990,254
1.5757,263
1.5119,258
1.5475,251
1.5255,252
1.5787,243
1.5646,248
1.2176,277
1.6042,240
1.4752,256
1.4951,244
1.3835,264
1.4601,253
1.6151,246
1.3716,259
1.4195,263
1.4128,264
1.4039,256
1.5212,241
1.4359,260
1.7321,252
1.6571,238
1.3944,246
1.5288,248
1.5475,253
1.4014,264
1.4231,258
1.4967,251
1.5459,263
1.3797,258
1.3057,265
1.3751,274
1.4468,262
1.3685,268
1.5356,256
1.5485,250
1.6514,265
1.5495,247
1.4985,239
1.5600,254
1.4071,248
1.2468,279
1.6096,259
1.5799,252
1.4323,261
1.5100,256
1.3851,252
1.7391,251
1.6527,248
1.5202,264
1.3837,259
1.4901,261
1.5595,249
1.4293,250
1.4793,253
1.5907,245
1.5599,245
1.4998,253
1.4628,253
1.6331,251
1.5977,259
1.4363,246
1.6265,247
1.6955,241
1.5918,252
1.4092,249
1.4645,260
1.7802,237
1.6089,250
1.4392,262
1.6995,235
1.4191,264
1.6699,248
1.2868,267
1.3397,261
1.3893,264
1.6085,247
1.5189,257
1.4276,265
1.5569,244
1.5987,254
1.3854,262
1.6819,240
1.5515,263
1.6389,237
1.3243,264
1.4945,260
1.5362,253
1.5484,243
1.4481,269
1.4497,251
1.3315,264
1.3653,263
1.5658,247
1.6043,246
1.3031,260
1.4018,274
1.4922,250
1.5987,242
1.4646,248
1.5674,255
1.2968,263
1.5930,237
1.5731,241
1.4418,271
1.3450,259
1.4832,248
1.5599,241
1.4860,252
1.2754,266
1.5380,258
1.6600,247
1.4964,252
1.3755,259
1.3874,263
1.6426,245
1.4048,274
1.5818,240
1.3486,272
1.4446,246
1.2660,258
1.3448,269
1.5689,251
1.4669,260
1.5396,249
1.4021,266
1.4681,255
1.5354,264
1.6117,238
1.6358,249
1.4545,269
1.6277,248
1.4093,264
1.3522,267
1.5255,254
1.5099,253
1.6266,247
1.4895,252
1.5812,247
1.4750,253
1.5704,242
1.6586,245
1.5989,247
1.4446,257
1.4548,260
1.5709,261
1.3902,254
1.4237,258
1.4506,262
1.5147,260
1.3381,268
1.4223,265
1.6217,238
1.4398,264
1.5194,246
1.2700,265
1.4625,255
1.5759,250
1.5516,256
1.6325,260
1.4475,259
1.5436,256
1.6743,253
1.4557,264
1.4286,261
1.3881,267
1.5207,256
1.3617,264
1.5957,250
1.4065,260
1.4153,252
1.4204,265
1.5392,251
1.4726,253
1.4880,260
1.5904,261
1.4834,255
1.8125,239
1.3616,259
1.4060,259
1.6243,255
1.4187,260
1.3508,264
1.3326,263
1.6911,263
1.5971,243
1.5053,254
1.4758,245
1.3718,258
1.5290,266
1.5134,256
1.7290,243
1.3338,252
1.5309,256
1.3022,264
1.7520,246
1.6100,242
1.6014,243
1.4830,258
1.3665,265
1.6614,250
1.4236,257
1.2304,274
1.6884,238
1.2221,273
1.4045,264
1.6458,253
1.5635,268
1.4746,261
1.2380,262
1.3163,265
1.3625,252
1.3774,260
1.4069,263
1.5597,252
1.4909,258
1.2062,276
1.5024,260
1.4193,265
1.6001,253
1.4362,260
1.3593,266
1.4449,264
1.4982,244
1.8114,248
1.5017,255
1.4934,255
1.4342,259
1.3525,254
1.6365,250
1.4851,249
1.3601,256
1.6496,250
1.3146,267
1.2819,261
1.5457,261
1.5583,251
1.5208,253
1.6730,249
1.4255,264
1.5220,240
1.4622,260
1.5757,251
1.5556,250
1.3823,251
1.5592,241
1.5259,255
1.4762,242
1.5316,261
1.5718,242
1.6495,255
1.5372,248
1.5479,254
1.4690,254
1.4032,261
1.5083,268
1.5565,248
1.6486,246
1.4972,257
1.4695,265
1.5114,248
1.3455,258
1.3053,278
1.6933,243
1.6012,253
1.5101,243
1.5152,250
1.3456,267
1.4085,256
1.4051,265
1.5286,250
1.6014,253
1.4424,255
1.4879,257
1.4481,260
1.6278,248
1.3420,262
1.5812,250
1.5466,249
1.4885,256
1.6480,253
1.5228,246
1.4139,255
1.6147,261
1.6932,246
1.6406,244
1.6098,251
1.6875,262
1.6429,254
1.6044,249
1.4861,250
1.5041,260
1.5833,248
1.4267,265
1.4379,266
1.7217,249
1.6134,249
1.6027,235
1.8739,232
1.5234,256
1.4349,263
1.5731,245
1.5432,248
1.3991,258
1.2857,268
1.5236,257
1.4867,259
1.4427,254
1.6002,248
1.4497,258
1.4349,245
1.4650,259
1.6447,235
1.5041,254
1.6137,251
1.4926,257
1.4036,250
1.5703,248
1.4450,263
1.5347,260
1.3918,266
1.2693,271
1.5084,252
1.4537,257
1.3779,253
1.5456,262
1.7923,250
1.6193,259
1.6098,253
1.5654,244
1.4616,263
1.5231,250
1.3927,252
1.4670,256
1.3650,280
1.4678,262
1.4921,257
1.4669,257
1.4964,244
1.4260,250
1.5436,247
1.2620,265
1.4112,253
1.3996,267
1.3597,278
1.3989,261
1.6052,249
1.8008,249
1.3081,256
1.5023,258
1.3938,253
1.5956,251
1.4893,266
1.7481,242
1.4174,267
1.4205,259
1.7348,248
1.4079,266
1.3924,276
1.7450,243
1.6265,236
1.4563,258
1.6456,228
1.5168,251
1.4804,261
1.4957,255
1.6163,254
1.6189,247
1.4312,263
1.3420,262
1.4592,249
1.5831,254
1.5948,255
1.4093,271
1.5355,257
1.4829,256
1.5810,257
1.5146,251
1.7392,247
1.5364,260
1.5586,250
1.6179,262
1.6736,241
1.6393,246
1.5408,250
1.3871,262
1.3588,264
1.3523,254
1.4410,250
1.5895,252
1.3981,262
1.5049,271
1.5131,266
1.3439,263
1.5081,263
1.5989,248
1.4237,264
1.8908,235
1.3443,264
1.6075,244
1.6724,246
1.4405,268
1.4898,256
1.7096,252
1.6245,257
1.5659,261
1.5672,249
1.4075,265
1.4315,245
1.6136,242
1.5114,246
1.5382,251
1.4380,253
1.5488,251
1.6423,262
1.4930,259
1.5428,262
1.6223,245
1.2804,271
1.5932,252
1.2914,268
1.3977,265
1.4767,265
1.5288,244
1.5773,251
1.5040,252
1.5722,248
1.4406,259
1.4983,255
1.5734,256
1.6359,239
1.6823,241
1.4674,262
1.7162,237
1.5015,251
1.4053,256
1.4811,262
1.5572,258
1.4745,247
1.7472,236
1.5429,257
1.6523,250
1.3930,262
1.5175,253
1.3957,260
1.7045,244
1.6879,264
1.5937,267
1.4187,255
1.3295,261
1.4723,248
1.4149,263
1.4618,257
1.3436,249
1.4698,252
1.4143,257
1.4029,279
1.4872,254
1.5338,253
1.3813,254
1.4777,259
1.3829,265
1.5078,266
1.5082,258
1.4770,257
1.5911,234
1.3638,265
1.6133,252
1.4663,251
1.5913,254
1.5739,249
1.3494,264
1.5652,263
1.3115,265
1.5882,255
1.4130,250
1.4408,266
1.5291,248
1.4969,254
1.4633,252
1.5837,252
1.3770,263
1.3843,276
1.3794,265
1.5668,249
1.4823,247
1.5663,242
1.4700,259
1.4505,251
1.4255,269
1.7023,253
1.4262,253
1.1954,278
1.3696,264
1.5238,240
1.3684,268
1.3901,249
1.6129,265
1.7654,247
1.5652,261
1.3632,263
1.4453,253
1.4746,264
1.4676,274
1.4864,246
1.5975,259
1.4711,255
1.4027,254
1.3637,273
1.3004,269
1.5019,249
1.3571,264
1.6025,255
1.2139,274
1.5379,249
1.6278,254
1.4940,250
1.3946,260
1.4902,254
1.4459,253
1.6263,254
1.3228,265
1.8183,243
1.5432,259
1.3541,258
1.4662,257
1.3629,269
1.3797,269
1.4207,259
1.5367,258
1.4815,244
1.4202,261
1.6819,248
1.7113,252
1.6465,242
1.6784,249
1.5001,257
1.4306,260
1.6128,244
1.4483,269
1.3947,285
1.6776,250
1.3241,267
1.7414,245
1.5377,258
1.6474,246
1.5146,247
1.8091,246
1.4122,264
1.5588,253
1.4168,249
1.5197,266
1.5229,266
1.4092,263
1.3447,265
1.4409,264
1.4438,256
1.5301,263
1.6108,252
1.3427,273
1.3206,265
1.3915,261
1.3628,264
1.5503,249
1.4016,251
1.5003,257
1.4952,254
1.2018,268
1.3521,264
1.5280,270
1.3439,270
1.3798,262
1.5264,257
1.5190,256
1.4026,263
1.5906,256
1.2867,255
1.7188,246
1.2510,279
1.4021,265
1.5131,263
1.4468,260
1.6281,267
1.4027,272
1.5691,256
1.5134,258
1.5509,261
1.5024,265
1.4513,252
1.5922,258
1.6847,247
1.3781,253
1.4574,261
1.3348,264
1.6718,252
1.3665,267
1.3941,265
1.7054,246
1.7046,248
1.6040,264
1.3564,260
1.7356,231
1.5017,244
1.4794,267
1.5144,261
1.7413,247
1.5358,266
1.7253,243
1.4876,257
1.4072,277
1.5351,249
1.4782,250
1.4411,254
1.3363,255
1.4170,260
1.5706,258
1.2715,267
1.6747,264
1.5127,263
1.4310,263
1.6270,248
1.6611,247
1.5193,256
1.2673,264
1.4981,257
1.6087,262
1.4352,261
1.2941,274
1.3387,264
1.6875,259
1.4070,247
1.5243,259
1.3126,278
1.3794,263
1.5562,251
1.5603,259
1.4992,261
1.5554,255
1.7689,239
1.5011,244
1.6141,250
1.4941,260
1.3975,262
1.5414,248
1.3474,265
1.5072,255
1.5433,247
1.7030,251
1.4925,247
1.3561,257
1.5526,256
1.5764,260
1.5889,251
1.6841,247
1.3433,273
1.5251,255
1.4397,260
1.6017,253
1.4798,247
1.4859,247
1.4294,261
1.5755,241
1.3823,261
1.3727,259
1.7251,246
1.5580,261
1.2941,251
1.4317,256
1.3241,279
1.4999,256
1.4359,272
1.3305,258
1.5814,240
1.6073,256
1.3224,272
1.5082,261
1.5266,250
1.4912,253
1.5525,260
1.4280,253
1.6594,244
1.5237,255
1.4867,254
1.4801,262
1.6536,253
1.3976,254
1.5929,243
1.5008,263
1.8882,247
1.5429,252
1.4408,249
1.5774,260
1.6559,264
1.6325,235
1.6491,250
1.5872,252
1.2042,272
1.2965,255
1.3806,264
1.5912,249
1.5263,255
1.3422,253
1.6346,261
1.5829,259
1.3571,266
1.4729,264
1.3527,269
1.4774,256
1.4045,256
1.3902,266
1.4953,250
1.5344,254
1.4584,255
1.4368,267
1.4425,257
1.4981,254
1.5909,257
1.2006,269
1.7742,247
1.1891,284
1.3910,262
1.5496,257
1.3808,259
1.3897,259
1.4730,262
1.5314,238
1.5395,255
1.4791,241
1.5165,248
1.4120,257
1.2135,268
1.5958,255
1.4726,260
1.5188,251
1.3238,268
1.5233,253
1.4594,257
1.2568,263
1.5295,256
1.6978,239
1.6585,259
1.4562,271
1.5132,257
1.5644,266
1.6173,258
1.6539,241
1.4997,267
1.5898,256
1.5662,267
1.3279,277
1.6384,247
1.8040,244
1.5606,259
1.3955,261
1.6812,251
1.7573,253
1.2564,269
1.3514,275
1.8562,240
1.4637,256
1.6978,245
1.5144,251
1.3321,269
1.5696,264
1.2149,267
1.5455,249
1.4779,250
1.3317,274
1.6486,254
1.4843,261
1.2778,269
1.4510,257
1.4151,246
1.5858,246
1.9177,243
1.4146,255
1.3907,266
1.7433,248
1.6177,262
1.6953,265
1.4168,265
1.5432,266
1.5051,257
1.5759,261
1.5059,250
1.4726,260
1.5681,259
1.3055,272
1.4280,266
1.3938,260
1.5722,242
1.5208,258
1.5583,249
1.5239,262
1.3857,262
1.6361,242
1.6529,256
1.3880,267
1.5603,256
1.5677,254
1.6246,240
1.4095,264
1.7167,254
1.2863,271
1.3847,259
1.5722,253
1.2970,273
1.4665,261
1.7527,243
1.3763,259
1.4303,252
1.3221,262
1.4330,258
1.5153,257
1.3666,261
1.6187,248
1.5212,259
1.5370,250
1.5707,248
1.5713,259
1.5068,249
1.4859,260
1.7090,255
1.5627,247
1.4894,275
1.8005,239
1.6933,241
1.5174,258
1.4925,249
1.5053,266
1.5106,264
1.6800,236
1.5450,256
1.5208,260
1.5580,266
1.3532,265
1.3270,270
1.6767,254
1.3857,265
1.6163,254
1.3226,258
1.5330,255
1.3967,264
1.5137,252
1.5012,253
1.5607,258
1.5201,254
1.4072,258
1.5181,256
1.4387,261
1.4303,250
1.3767,265
1.4929,250
1.3875,256
1.3260,268
1.5098,232
1.5438,247
1.4385,251
1.4900,262
1.4582,258
1.4754,264
1.4097,268
1.5765,249
1.5524,251
1.4980,264
1.5105,256
1.3156,265
1.3498,260
1.3940,256
1.3840,256
1.4544,250
1.3724,266
1.6542,247
1.3420,283
1.6302,241
1.2274,284
1.4816,256
1.3960,256
1.3557,261
1.5507,259
1.2988,257
1.6088,248
1.6164,258
1.6206,252
1.4190,256
1.4295,260
1.3361,263
1.4439,264
1.6595,244
1.4736,260
1.4910,257
1.6025,261
1.5138,257
1.4090,248
1.3681,267
1.3891,273
1.4782,248
1.5407,265
1.4996,262
1.4458,256
1.6534,245
1.5298,250
1.6074,241
1.5368,262
1.4783,263
1.5232,261
1.5845,250
1.4620,260
1.2959,272
1.3700,271
1.5000,246
1.4920,256
1.3473,275
1.5074,254
1.5447,254
1.5113,255
1.5415,253
1.5502,258
1.3653,270
1.3517,274
1.4002,260
1.6063,251
1.4333,267
1.4810,274
1.5290,244
1.5475,260
1.5138,262
1.4701,252
1.4933,255
1.5634,251
1.2111,269
1.2606,255
1.7517,248
1.7121,244
1.3705,259
1.6146,259
1.2726,272
1.3797,255
1.3469,261
1.7133,251
1.6594,246
1.5859,249
1.6573,256
1.4240,267
1.3456,266
1.5006,269
1.7123,250
1.3306,261
1.5485,243
1.4799,260
1.4028,270
1.4108,272
1.6438,253
1.4600,252
1.5361,259
1.6357,250
1.5436,257
1.4848,254
1.3765,270
1.3531,263
1.3803,252
1.3449,259
1.4138,257
1.5750,267
1.3748,262
1.1234,268
1.4666,260
1.3705,261
1.2532,264
1.3928,263
1.6389,264
1.2833,278
1.4829,256
1.3661,265
1.4419,258
1.3179,254
1.5138,245
1.2612,266
1.4448,266
1.6190,245
1.2993,271
1.5926,258
1.5824,252
1.3996,278
1.2938,255
1.5817,254
1.6242,255
1.5241,258
1.4225,260
1.6445,270
1.5553,257
1.3483,266
1.3746,261
1.4931,256
1.4299,259
1.3370,255
1.2902,256
1.5300,249
1.7910,244
1.3349,266
1.5687,256
1.4409,262
1.6610,245
1.1650,270
1.5513,259
1.3196,260
1.4460,275
1.3825,266
1.3879,269
1.3237,266
1.6799,250
1.5431,255
1.3792,266
1.4529,257
1.3906,268
1.3573,262
1.5353,268
1.9003,239
1.4332,263
1.5641,257
1.4445,260
1.6439,255
1.5558,247
1.5345,245
1.3765,258
1.4874,263
1.5699,250
1.6861,254
1.5690,252
1.7147,238
1.5682,257
1.7145,258
1.6007,250
1.3504,262
1.4290,258
1.4990,262
1.4610,271
1.5592,256
1.3554,273
1.4865,257
1.4911,259
1.4832,265
1.5085,250
1.3614,266
1.4782,254
1.3770,257
1.4526,256
1.5296,264
1.2770,277
1.2196,277
1.4076,262
1.6965,246
1.4025,267
1.3453,263
1.5880,240
1.5398,242
1.6281,251
1.6211,246
1.6072,253
1.4416,268
1.3936,258
1.4497,249
1.5869,260
1.3260,265
1.5229,246
1.3484,271
1.6104,249
1.5137,253
1.3827,263
1.7131,247
1.3324,253
1.5094,254
1.3135,268
1.6092,249
1.6001,245
1.5924,255
1.5619,267
1.4637,255
1.5238,244
1.5313,265
1.5247,249
1.4841,268
1.4588,251
1.4411,268
1.6223,254
1.4843,255
1.4779,255
1.5119,262
1.5139,259
1.3211,265
1.5581,252
1.5857,252
1.7171,235
1.4678,247
1.5257,240
1.6401,232
1.1006,273
1.4506,268
1.4228,263
1.3299,264
1.4489,268
1.4859,251
1.5005,265
1.6804,265
1.5657,246
1.7691,255
1.7707,259
1.3484,262
1.5549,251
1.5988,248
1.5223,253
1.5903,259
1.6047,245
1.2424,265
1.6333,252
1.4674,251
1.5471,255
1.4262,264
1.3698,263
1.7218,258
1.4793,254
1.6303,247
1.6338,239
1.7079,247
1.5043,253
1.4117,257
1.5263,252
1.3055,275
1.4439,257
1.4935,255
1.4481,260
1.3175,254
1.4963,259
1.4701,259
1.5306,261
1.4477,254
1.5245,251
1.5767,251
1.7211,245
1.6886,246
1.3690,270
1.4002,259
1.4518,259
1.5859,250
1.5423,265
1.5405,249
1.6370,272
1.5540,252
1.6239,255
1.5228,248
1.5005,274
1.4904,258
1.4215,257
1.3717,262
1.4371,270
1.3701,271
1.4021,262
1.2858,266
1.5333,264
1.6768,241
1.4318,256
1.4116,259
1.3438,243
1.4442,253
1.6548,242
1.3128,263
1.7490,260
1.6735,241
1.4751,264
1.5170,264
1.4079,265
1.5836,258
1.7816,252
1.6032,258
1.4917,260
1.3905,248
1.5084,241
1.5274,258
1.3550,266
1.3040,267
1.4771,256
1.3968,268
1.6976,245
1.4636,249
1.3125,267
1.4216,260
1.2943,270
1.3733,264
1.3967,270
1.6905,257
1.4281,265
1.3317,260
1.3332,263
1.2893,270
1.4477,258
1.2809,274
1.4191,256
1.4336,266
1.5690,245
1.6699,245
1.2826,269
1.3374,270
1.4600,266
1.4775,250
1.4713,268
1.4844,245
1.6754,243
1.4357,258
1.5003,258
1.5279,258
1.7028,232
1.4575,264
1.5037,253
1.3381,267
1.4555,252
1.5130,263
1.3366,277
1.4654,251
1.3969,245
1.5959,263
1.7366,245
1.4470,258
1.7533,250
1.4298,266
1.4114,262
1.3528,278
1.6037,244
1.8799,229
1.3312,259
1.3962,264
1.7849,257
1.5670,265
1.4213,265
1.6137,238
1.4546,263
1.3142,266
1.5475,268
1.5453,254
1.5237,248
1.4637,266
1.5528,257
1.3070,269
1.5316,263
1.6068,247
1.4984,256
1.6549,254
1.3681,261
1.4964,256
1.5190,255
1.4908,252
1.5880,250
1.6768,262
1.4510,257
1.7144,262
1.5055,262
1.3931,275
1.6641,256
1.4502,261
1.5962,268
1.6020,262
1.3282,255
1.5201,264
1.4985,256
1.3591,265
1.8339,245
1.4980,261
1.2789,263
1.3116,269
1.2770,271
1.4902,252
1.3115,259
1.3654,264
1.4566,257
1.4645,259
1.4774,261
1.8706,234
1.7238,254
1.7200,251
1.3086,263
1.4917,256
1.4087,259
1.5798,253
1.3652,263
1.5089,251
1.6128,255
1.7374,228
1.4452,267
1.3194,266
1.6801,245
1.4991,256
1.6328,264
1.6568,264
1.6485,247
1.5189,249
1.4465,265
1.5332,263
1.4054,251
1.3929,258
1.3531,269
1.4021,256
1.3174,269
1.4941,262
1.4923,254
1.2815,266
1.3694,261
1.5965,259
1.4014,259
1.3165,255
1.4719,252
1.5953,243
1.2818,260
1.3565,277
1.5174,257
1.5322,270
1.6347,247
1.4882,267
1.3531,272
1.3544,272
1.4624,255
1.5023,254
1.5095,260
1.3597,272
1.3436,265
1.4590,265
1.4606,277
1.3427,259
1.5185,251
1.6742,240
1.2652,276
1.5247,254
1.4391,270
1.5534,249
1.5248,265
1.4995,254
1.4755,264
1.3958,254
1.4792,255
1.6498,243
1.2862,274
1.7757,239
1.5493,247
1.3997,255
1.4716,245
1.3432,271
1.3074,268
1.4947,261
1.4831,254
1.4288,263
1.2995,262
1.5205,259
1.7103,236
1.4199,275
1.2281,266
1.7836,254
1.5227,256
1.4091,263
1.4301,257
1.9051,244
1.6065,256
1.6377,254
1.6672,262
1.3863,258
1.4577,265
1.4609,262
1.2971,271
1.4192,255
1.5221,250
1.5213,255
1.3929,269
1.5433,246
1.6585,253
1.5673,251
1.4591,270
1.3402,267
1.4194,268
1.4969,266
1.4858,255
1.5199,250
1.4805,260
1.4042,273
1.2910,267
1.5985,250
1.5122,255
1.2233,272
1.4433,259
1.5273,255
1.4124,261
1.5995,244
1.6559,257
1.4150,257
1.5216,244
1.3356,261
1.3296,273
1.4887,266
1.4669,272
1.5761,253
1.4719,259
1.5052,258
1.2045,280
1.4980,253
1.4585,262
1.5257,268
1.4926,265
1.2990,259
1.6095,242
1.5681,254
1.3351,260
1.6345,244
1.5423,253
1.4428,248
1.6407,269
1.5253,251
1.4805,246
1.6070,255
1.1712,277
1.4225,256
1.6205,249
1.5887,261
1.5186,255
1.5227,247
1.4122,270
1.3331,261
1.7301,249
1.6826,242
1.4500,273
1.3089,285
1.6869,256
1.4940,250
1.4234,264
1.4658,254
1.4329,264
1.3836,262
1.2776,272
1.3908,257
1.5009,255
1.4942,263
1.3262,258
1.5709,258
1.5315,264
1.5770,250
1.6904,248
1.5648,256
1.5380,262
1.2886,270
1.6496,244
1.6904,259
1.3888,269
1.4427,263
1.4677,251
1.4499,250
1.3745,273
1.3650,265
1.5682,243
1.4958,247
1.7197,260
1.5925,253
1.2924,269
1.4244,272
1.5245,261
1.4169,269
1.6827,240
1.2681,262
1.5674,247
1.4962,271
1.3706,262
1.4971,267
1.5820,260
1.5329,254
1.3771,261
1.5485,270
1.6401,254
1.4108,263
1.3670,261
1.7921,238
1.3509,266
1.4662,254
1.5057,253
1.2989,252
1.4750,253
1.4174,271
1.7496,261
1.4292,251
1.4178,261
1.6223,251
1.6249,260
1.4064,268
1.5777,250
1.5445,248
1.5438,257
1.5845,250
1.8223,251
1.5541,255
1.5651,251
1.6044,248
1.3845,260
1.5891,255
1.3574,271
1.4724,251
1.5401,256
1.2870,269
1.5494,251
1.7662,246
1.5594,258
1.4201,269
1.3312,263
1.4578,266
1.4618,277
1.3820,271
1.3822,267
1.3728,267
1.2100,275
1.5446,260
1.5324,258
1.5383,263
1.3057,268
1.6015,248
1.4973,274
1.4222,265
1.5497,252
1.2999,276
1.5640,245
1.5335,252
1.3947,271
1.3558,270
1.4198,265
1.4679,265
1.5881,256
1.3306,256
1.4327,264
1.2807,262
1.6941,248
1.6075,259
1.6205,247
1.5875,265
1.2538,273
1.5679,266
1.3845,268
1.3899,266
1.3712,253
1.5247,252
1.5397,263
1.6165,243
1.2869,275
1.2988,258
1.3118,263
1.2283,263
1.4408,271
1.3975,267
1.5058,250
1.4635,257
1.7395,252
1.6680,249
1.5973,255
1.5269,257
1.4596,266
1.7359,247
1.3942,262
1.4473,258
1.4742,260
1.5903,252
1.6876,249
1.5424,262
1.3618,274
1.5380,271
1.3956,271
1.6630,255
1.4424,270
1.5541,257
1.5093,271
1.6163,254
1.3890,257
1.4445,266
1.6213,258
1.5367,241
1.5862,251
1.4837,255
1.4204,251
1.3328,273
1.3903,262
1.3673,244
1.4012,272
1.4512,246
1.4214,257
1.4419,260
1.7744,243
1.4319,255
1.5729,244
1.4000,263
1.2291,267
1.6989,249
1.4507,251
1.4003,258
1.4930,258
1.5415,260
1.4667,257
1.4157,270
1.5351,249
1.6659,247
1.7354,241
1.6219,249
1.5269,264
1.5506,263
1.4842,255
1.5389,259
1.4026,275
1.4097,259
1.4013,258
1.3285,261
1.5312,248
1.4887,272
1.3727,268
1.4967,259
1.4976,250
1.5942,260
1.5466,268
1.3974,275
1.4840,254
1.4602,267
1.5219,256
1.4251,255
1.4737,260
1.4390,263
1.6337,254
1.4853,264
1.4648,260
1.3998,257
1.5280,237
1.4571,255
1.4073,262
1.3922,270
1.4367,267
1.5151,259
1.5719,245
1.5266,255
1.4744,259
1.5544,248
1.5805,266
1.3751,273
1.7136,252
1.5648,256
1.6332,240
1.4236,262
1.5926,237
1.4293,263
1.4175,262
1.5125,252
1.5889,253
1.5319,264
1.5061,261
1.8332,236
1.4715,255
1.3586,267
1.4482,258
1.5099,260
1.6541,244
1.5970,257
1.3405,255
1.6697,234
1.3107,259
1.7071,252
1.5054,247
1.3390,278
1.6313,259
1.5452,253
1.4742,260
1.8309,241
1.5152,255
1.5252,249
1.4802,259
1.4718,254
1.6084,249
1.5331,256
1.6672,261
1.2988,268
1.5530,256
1.7392,248
1.4371,259
1.4247,261
1.3397,284
1.6365,245
1.6300,245
1.3853,270
1.6662,257
1.3732,277
1.6399,254
1.5957,247
1.5716,253
1.5656,252
1.5644,256
1.6847,245
1.3169,262
1.4243,249
1.7009,252
1.4914,255
1.4012,262
1.5011,245
1.5951,262
1.7658,251
1.6386,264
1.3636,267
1.3631,268
1.5153,265
1.5274,239
1.3060,272
1.7225,235
1.4412,260
1.6264,253
1.4564,259
1.4582,270
1.5060,255
1.6665,257
1.4188,266
1.6252,250
1.7310,245
1.6825,251
1.4124,262
1.4570,268
1.4784,231
1.4317,259
1.3100,269
1.4759,261
1.4435,258
1.6410,261
1.6745,257
1.5564,254
1.5927,251
1.6500,247
1.5047,258
1.5061,270
1.3008,276
1.4446,275
1.4572,268
1.5006,262
1.5012,258
1.5463,250
1.7468,265
1.3516,259
1.7281,237
1.6451,254
1.2544,267
1.5342,251
1.4747,260
1.3456,263
1.3088,277
1.6160,261
1.4144,266
1.2795,282
1.3165,268
1.5258,276
1.4304,267
1.5131,246
1.5800,260
1.6252,243
1.5877,274
1.5054,244
1.5868,256
1.2377,273
1.2720,269
1.8407,254
1.5894,263
1.4019,281
1.3557,269
1.6174,254
1.5648,265
1.6069,248
1.5331,254
1.4272,275
1.4866,253
1.5510,245
1.4980,258
1.5055,252
1.4533,251
1.7100,234
1.5220,263
1.6354,250
1.5031,253
1.7549,243
1.4394,263
1.5931,243
1.2777,284
1.3008,256
1.3641,267
1.3509,254
1.6010,260
1.2695,277
1.4332,264
1.5928,249
1.4062,271
1.3629,279
1.3381,270
1.5695,253
1.7804,237
1.5260,252
1.5432,257
1.6258,270
1.6144,261
1.3990,258
1.6413,243
1.2968,275
1.6745,256
1.3751,262
1.4645,263
1.4448,256
1.6018,261
1.5510,250
1.4085,261
1.4326,260
1.3331,269
1.6980,248
1.4257,261
1.3354,268
1.7435,243
1.2055,282
1.5938,259
1.4432,269
1.2763,267
1.6338,250
1.7008,249
1.4532,258
1.3789,256
1.4086,271
1.4182,249
1.6029,256
1.4774,250
1.4941,275
1.6604,250
1.3090,255
1.4653,271
1.4060,268
1.5362,265
1.5974,259
1.3914,257
1.4570,260
1.4761,261
1.3297,269
1.3282,270
1.5917,252
1.5067,247
1.4489,258
1.3931,268
1.3696,272
1.3860,260
1.5554,272
1.6494,260
1.6514,242
1.6906,251
1.6185,247
1.5817,263
1.4649,269
1.6282,246
1.4810,256
1.6396,263
1.4309,269
1.2836,271
1.4715,258
1.6978,254
1.6649,259
1.7027,260
1.6552,246
1.4985,259
1.5863,263
1.3418,265
1.3332,267
1.3153,268
1.7040,250
1.5439,271
1.3862,270
1.3965,267
1.3347,264
1.4542,247
1.3968,259
1.3088,260
1.6193,266
1.5289,268
1.5027,259
1.3803,260
1.5350,266
1.4525,273
1.5323,258
1.5567,256
1.3296,275
1.3872,259
1.4714,272
1.6013,257
1.4933,268
1.4903,259
1.3626,253
1.3947,272
1.7724,245
1.6248,248
1.2770,272
1.3048,266
1.2891,273
1.5902,257
1.4601,255
1.3392,261
1.6335,248
1.2371,270
1.4147,261
1.4568,272
1.6140,265
1.6424,238
1.4893,254
1.3170,268
1.4011,269
1.4674,259
1.4176,272
1.6468,257
1.4711,250
1.4576,258
1.5898,257
1.4035,261
1.6520,254
1.5458,261
1.3686,273
1.5019,259
1.3674,271
1.3730,272
1.4828,253
1.5762,245
1.4926,259
1.4810,268
1.1994,261
1.3873,265
1.5212,255
1.4552,258
1.4915,260
1.3912,270
1.4870,246
1.3928,259
1.3467,267
1.3995,266
1.4192,261
1.6007,260
1.4782,253
1.2477,267
1.5375,261
1.3291,269
1.6359,264
1.3444,264
1.3788,271
1.4934,265
1.4488,274
1.7453,249
1.4773,249
1.4987,257
1.4243,264
1.4976,266
1.4532,278
1.5284,246
1.3656,256
1.5948,250
1.6622,255
1.3949,264
1.5383,266
1.3270,258
1.4108,256
1.5269,249
1.5588,261
1.4627,262
1.4496,254
1.3603,263
1.4100,261
1.5592,253
1.5354,259
1.3952,264
1.7045,248
1.5356,262
1.4499,255
1.4890,257
1.9591,254
1.6072,240
1.5672,265
1.4390,247
1.4999,267
1.4026,253
1.3978,259
1.4993,255
1.3805,267
1.4439,271
1.4184,258
1.4868,248
1.5871,262
1.4063,268
1.3486,268
1.4083,257
1.4348,256
1.4962,254
1.7088,248
1.4978,256
1.4666,255
1.4728,261
1.4098,256
1.4165,265
1.4640,261
1.1743,275
1.5638,253
1.5631,260
1.3435,275
1.5000,267
1.5109,254
1.6014,250
1.4037,255
1.5204,276
1.4841,249
1.6223,253
1.6174,250
1.5641,254
1.5328,262
1.3988,260
1.6789,250
1.3697,264
1.4322,257
1.3594,262
1.4220,259
1.5842,257
1.3517,256
1.4741,249
1.4505,259
1.5323,257
1.3898,256
1.4567,266
1.4712,255
1.6603,242
1.5552,247
1.4078,260
1.5947,250
1.5548,263
1.5644,247
1.3138,263
1.6485,244
1.3713,269
1.3560,264
1.3396,265
1.3452,274
1.7151,249
1.2991,270
1.6370,253
1.3159,269
1.4714,248
1.5295,259
1.6356,253
1.5201,264
1.5148,257
1.3493,261
1.5531,266
1.4862,270
1.4293,243
1.5817,247
1.6949,237
1.5978,260
1.2286,276
1.4189,273
1.3592,270
1.6948,257
1.7093,251
1.7004,260
1.6133,267
1.6137,249
1.6650,245
1.4278,258
1.4923,264
1.5990,253
1.3509,260
1.5140,257
1.4840,262
1.3211,251
1.3764,265
1.2422,274
1.6636,254
1.5512,249
1.7664,251
1.5230,255
1.4688,249
1.4144,264
1.5816,269
1.4947,263
1.5267,263
1.5644,259
1.4054,266
1.3798,261
1.5000,266
1.4779,260
1.5945,238
1.3511,284
1.6154,255
1.4480,263
1.6322,248
1.5235,259
1.3646,284
1.4293,256
1.6460,255
1.2770,270
1.4994,256
1.4932,264
1.4956,255
1.5305,267
1.4564,260
1.4432,259
1.5843,272
1.4776,266
1.5385,252
1.5050,269
1.3918,270
1.4907,262
1.5464,248
1.5427,254
1.5100,266
1.4729,264
1.5255,260
1.6575,258
1.5006,252
1.6153,262
1.5695,255
1.3429,257
1.2775,268
1.3720,253
1.7201,249
1.5361,256
1.2319,273
1.5016,258
1.5256,258
1.4419,248
1.5018,258
1.6378,254
1.6360,262
1.4711,257
1.4627,271
1.6711,249
1.6108,254
1.7005,257
1.2874,266
1.5619,251
1.4279,266
1.5843,264
1.3494,271
1.5003,255
1.5065,258
1.2062,273
1.6113,254
1.2658,255
1.6477,247
1.4759,243
1.5902,255
1.3719,266
1.6229,246
1.4355,259
1.5121,253
1.6075,255
1.5589,264
1.5111,249
1.6744,257
1.7166,246
1.5169,256
1.6126,250
1.6887,261
1.5032,253
1.4463,260
1.6605,257
1.3075,271
1.3350,271
1.8231,255
1.6452,257
1.5365,255
1.4977,264
1.4526,264
1.3561,272
1.4383,249
1.6000,259
1.4469,259
1.4127,253
1.4462,254
1.5372,248
1.5150,256
1.3228,263
1.4660,262
1.4705,267
1.5714,261
1.4343,267
1.4870,255
1.4387,268
1.5121,254
1.6526,250
1.7798,245
1.4730,263
1.3166,257
1.5281,263
1.3646,268
1.5963,257
1.6262,257
1.4956,256
1.6471,255
1.5947,261
1.5244,252
1.5513,256
1.4781,262
1.5477,263
1.4565,257
1.4461,257
1.5321,250
1.4808,263
1.4738,256
1.5742,255
1.4533,268
1.2973,266
1.4698,267
1.5503,265
1.2600,269
1.5345,255
1.6722,252
1.4143,252
1.4603,248
1.4870,248
1.6950,238
1.5793,250
1.4165,262
1.5682,244
1.3403,266
1.3763,275
1.5577,260
1.5375,261
1.5571,261
1.5271,256
1.5066,258
1.3716,265
1.5331,264
1.6122,263
1.5306,256
1.5070,266
1.4141,259
1.4853,254
1.6119,264
1.5642,255
1.5171,260
1.6808,259
1.5944,259
1.7252,257
1.5026,256
1.5411,251
1.4511,246
1.5255,244
1.2609,273
1.7794,240
1.6584,261
1.6564,270
1.3767,271
1.5189,256
1.2804,270
1.5983,234
1.4804,266
1.5696,263
1.6159,233
1.4459,259
1.4622,262
1.7471,252
1.7206,265
1.7010,260
1.5073,269
1.5570,264
1.4643,275
1.4910,246
1.4587,262
1.3186,269
1.8016,253
1.3113,276
1.4519,251
1.5922,244
1.7016,253
1.4850,257
1.2379,271
1.4455,252
1.5235,273
1.6759,257
1.5121,258
1.5015,283
1.5870,250
1.3889,272
1.5301,265
1.3477,272
1.6811,258
1.5550,253
1.3874,263
1.6306,242
1.4825,268
1.4945,261
1.3737,267
1.6234,252
1.5588,260
1.3923,264
1.2781,284
1.4751,259
1.4636,262
1.5614,245
1.7261,242
1.4040,263
1.5506,255
1.5260,252
1.4268,273
1.2215,261
1.4827,261
1.1805,284
1.6013,255
1.4303,256
1.4769,279
1.5920,249
1.4139,270
1.5750,265
1.5542,251
1.3467,257
1.5922,258
1.2712,269
1.2403,275
1.5121,253
1.4241,269
1.5202,264
1.5272,249
1.6084,250
1.4643,258
1.4380,253
1.6681,263
1.4963,253
1.6507,259
1.4229,272
1.2829,274
1.3073,278
1.5361,268
1.3932,269
1.5158,253
1.3235,273
1.4969,265
1.5300,250
1.5427,264
1.4623,270
1.3382,264
1.4039,258
1.8214,250
1.3856,272
1.3962,263
1.2210,281
1.6591,257
1.5585,258
1.5838,259
1.5514,265
1.4279,259
1.5112,253
1.5213,262
1.4945,260
1.4472,271
1.4507,262
1.6121,263
1.4379,277
1.3990,260
1.4081,265
1.6555,249
1.4187,257
1.6545,253
1.6151,260
1.5289,260
1.5553,265
1.4541,262
1.4218,264
1.5971,257
1.4195,265
1.5814,243
1.7101,245
1.5853,249
1.6228,252
1.5131,252
1.6025,253
1.4631,243
1.4724,252
1.5010,255
1.4739,271
1.4205,269
1.3741,269
1.6720,244
1.5572,246
1.5989,249
1.2958,279
1.4654,275
1.5231,259
1.5554,257
1.4315,264
1.2693,257
1.4117,254
1.2543,272
1.6021,264
1.2422,271
1.6315,255
1.6520,265
1.4660,249
1.4590,268
1.5840,247
1.5513,253
1.6536,243
1.3396,266
1.7595,256
1.3026,273
1.4923,248
1.4371,264
1.6415,253
1.7537,254
1.5403,242
1.4316,260
1.7218,254
1.3664,276
1.6853,254
1.6689,257
1.7899,234
1.5579,251
1.4386,265
1.6291,248
1.7851,251
1.4707,258
1.5025,249
1.5977,253
1.3913,262
1.5314,250
1.5615,257
1.5903,258
1.6650,263
1.3781,269
1.5047,261
1.4166,266
1.6961,258
1.6035,248
1.4338,262
1.4071,264
1.5507,258
1.5915,265
1.4377,255
1.6593,258
1.4465,258
1.3994,269
1.4025,269
1.5304,255
1.5241,247
1.4220,277
1.5767,249
1.6324,256
1.4381,267
1.6324,265
1.6324,252
1.6795,257
1.7195,250
1.3962,255
1.3643,263
1.4723,256
1.2353,271
1.5809,250
1.7287,242
1.3549,267
1.5044,248
1.3430,279
1.5828,261
1.4068,265
1.3129,276
1.2747,277
1.5865,247
1.5851,247
1.3744,275
1.4805,264
1.4957,270
1.4873,267
1.5578,262
1.4464,268
1.5816,258
1.5584,260
1.5913,261
1.4565,255
1.7043,253
1.5410,261
1.6672,257
1.3210,272
1.4664,267
1.3716,251
1.7442,251
1.6066,256
1.4528,265
1.4780,262
1.6544,255
1.3559,267
1.4660,257
1.4345,266
1.4417,262
1.6077,257
1.5133,256
1.5209,261
1.5328,246
1.3961,273
1.5903,249
1.4442,274
1.3841,275
1.6096,267
1.4839,255
1.3517,269
1.6284,269
1.2759,269
1.4818,261
1.6409,260
1.5013,251
1.5372,258
1.5734,263
1.2512,269
1.4893,251
1.5235,259
1.4429,259
1.3364,274
1.4403,267
1.5724,252
1.4431,267
1.2894,266
1.6151,254
1.3673,267
1.6296,259
1.3856,255
1.3036,265
1.5409,259
1.7753,253
1.4203,258
1.4486,262
1.5688,253
1.4064,276
1.7264,252
1.6390,262
1.3783,266
1.3884,272
1.3987,251
1.6628,261
1.3232,270
1.4653,251
1.3902,269
1.4839,258
1.4119,268
1.7902,253
1.2932,261
1.5536,249
1.5812,258
1.6016,258
1.6248,269
1.8218,245
1.5775,262
1.3997,267
1.5239,254
1.3782,263
1.5324,266
1.5525,257
1.5973,256
1.4584,255
1.5682,253
1.5199,258
1.7534,237
1.2937,264
1.5486,256
1.4927,271
1.4519,273
1.5779,253
1.3245,264
1.5739,249
1.5309,254
1.6144,256
1.3506,266
1.5296,248
1.4380,257
1.3121,267
1.3841,270
1.6046,266
1.6997,253
1.2542,272
1.5971,257
1.2547,281
1.6027,245
1.6303,259
1.3466,275
1.4263,264
1.6985,260
1.4946,267
1.5444,270
1.5872,259
1.5358,269
1.4635,259
1.4948,268
1.6054,255
1.6829,254
1.6370,259
1.7240,254
1.2850,273
1.5788,251
1.6586,257
1.5419,260
1.6295,242
1.3857,267
1.7739,248
1.4397,257
1.6042,262
1.6585,261
1.4923,256
1.3507,266
1.5305,248
1.5705,269
1.5539,250
1.4151,263
1.5227,262
1.5648,265
1.5949,266
1.3366,273
1.4710,259
1.3578,271
1.6479,261
1.6945,261
1.5253,257
1.7435,257
1.5504,264
1.4232,258
1.7292,242
1.5181,251
1.6796,249
1.5373,251
1.4527,271
1.4991,249
1.3965,263
1.5593,257
1.3944,268
1.4481,255
1.5227,258
1.4266,264
1.6353,256
1.7042,255
1.4540,260
1.3624,267
1.4341,256
1.6417,250
1.6122,260
1.4862,260
1.7115,247
1.4491,257
1.4094,263
1.4382,261
1.5903,253
1.5018,257
1.5854,255
1.6065,252
1.7719,257
1.4526,254
1.7538,249
1.3557,269
1.4705,255
1.4830,259
1.4391,248
1.3280,267
1.4910,254
1.5989,253
1.7269,254
1.3315,267
1.4263,261
1.4480,282
1.9247,248
1.2981,266
1.4832,255
1.5005,252
1.4061,272
1.6100,257
1.5368,262
1.6150,252
1.5839,263
1.5430,252
1.5548,255
1.7011,245
1.5232,254
1.9736,242
1.3639,267
1.4255,255
1.6477,250
1.4876,266
1.4821,264
1.6521,260
1.5436,258
1.5848,250
1.6118,245
1.4467,250
1.6721,266
1.4622,261
1.5360,256
1.5132,249
1.3256,261
1.5719,264
1.6829,246
1.5364,257
1.4974,259
1.5076,262
1.6984,264
1.4801,262
1.7337,244
1.6978,250
1.5779,248
1.5255,249
1.6664,255
1.7151,248
1.7030,267
1.3605,265
1.3524,267
1.3253,266
1.6294,267
1.4481,257
1.7670,258
1.5183,252
1.7605,251
1.5824,258
1.4238,259
1.3790,275
1.4014,269
1.4030,266
1.4581,258
1.4457,270
1.4767,265
1.6942,252
1.7296,254
1.3414,256
1.4999,282
1.4218,266
1.6595,251
2.0252,240
1.4190,269
1.5578,260
1.4556,266
1.7299,252
1.4513,268
1.4551,259
1.4633,258
1.5657,246
1.5599,262
1.6223,245
1.7686,248
1.7548,263
1.6363,255
1.4627,271
1.7047,250
1.6450,260
1.3628,285
1.5141,254
1.5501,266
1.7596,256
1.6729,257
1.7169,265
1.4930,255
1.7238,245
1.5270,268
1.7304,246
1.5464,257
1.7083,250
1.4771,247
1.5852,251
1.5208,262
1.4447,268
1.4878,271
1.5833,251
1.5922,254
1.4551,251
1.4550,261
1.5837,258
1.3343,267
1.6226,254
1.5600,255
1.6528,258
1.6491,262
1.4878,260
1.7722,236
1.6409,248
1.5073,255
1.5145,259
1.4837,245
1.5585,260
1.5320,267
1.5010,267
1.8731,232
1.4845,264
1.6085,250
1.6110,268
1.5270,252
1.3233,259
1.4254,268
1.5793,266
1.6414,266
1.5577,249
1.5500,256
1.7810,255
1.4147,280
1.6097,245
1.5100,265
1.4634,272
1.7662,249
1.4152,268
1.7348,241
1.5182,264
1.4599,269
1.4969,261
1.5394,247
1.5238,251
1.5603,247
1.7194,257
1.6714,253
1.6955,239
1.6194,261
1.8109,230
1.7182,240
1.6179,255
1.7015,255
1.5617,265
1.5227,263
1.2892,276
1.7035,251
1.4973,251
1.5438,247
1.3988,264
1.4248,267
1.6800,254
1.5254,262
1.8566,238
1.6458,251
1.5003,263
1.3456,258
1.7240,257
1.7866,237
1.6553,260
1.4488,245
1.5990,265
1.5795,256
1.6372,261
1.4746,268
1.4814,264
1.4041,262
1.6182,266
1.3905,270
1.6624,250
1.6901,253
1.6695,253
1.3310,278
1.4289,259
1.7093,243
1.4927,264
1.6555,261
1.6718,248
1.3630,265
1.4557,267
1.6270,256
1.4397,265
1.5564,261
1.6528,242
1.4211,262
1.6451,255
1.6025,266
1.5823,257
1.5120,260
1.5563,262
1.6529,252
1.4768,264
1.2756,271
1.4889,254
1.4522,267
1.6202,249
1.4474,260
1.4633,253
1.5704,266
1.6079,253
1.4581,259
1.5043,256
1.5788,260
1.4732,269
1.3864,254
1.6121,261
1.5723,258
1.3692,257
1.5279,253
1.5335,250
1.4550,250
1.4103,262
1.3560,267
1.5119,247
1.4650,281
1.6272,250
1.6450,255
1.5341,262
1.7859,253
1.5828,264
1.6630,256
1.5367,246
1.5127,265
1.5851,253
1.5485,248
1.3755,260
1.6440,255
1.5241,259
1.5652,258
1.7037,256
1.4912,265
1.6468,252
1.5360,269
1.4422,257
1.6229,253
1.4702,256
1.4345,281
1.4865,249
1.7233,251
1.4109,261
1.7482,256
1.5031,264
1.5912,250
1.5450,266
1.6590,257
1.5282,266
1.5287,267
1.3605,267
1.3666,266
1.6728,255
1.5479,256
1.7163,250
1.6084,260
1.4325,257
1.3840,273
1.7480,254
1.5678,256
1.5370,253
1.5486,269
1.6451,246
1.6710,254
1.4107,260
1.5630,266
1.3757,261
1.6141,255
1.5987,241
1.5369,253
1.4863,262
1.5376,256
1.4653,259
1.6855,243
1.4778,256
1.6676,250
1.5219,263
1.5618,268
1.6759,246
1.6666,254
1.5148,275
1.3602,272
1.8550,241
1.4897,269
1.3388,276
1.5881,260
1.7967,247
1.5639,262
1.2157,274
1.4597,271
1.6667,260
1.5118,251
1.6275,253
1.6986,246
1.5937,253
1.3409,269
1.5772,245
1.5602,266
1.5307,265
1.4790,261
1.6327,254
1.5322,263
1.2969,257
1.7433,241
1.3582,255
1.8111,246
1.6194,252
1.5760,261
1.5642,249
1.5014,253
1.4381,265
1.5593,255
1.5865,258
1.7014,263
1.6710,256
1.4044,264
1.6254,258
1.5984,255
1.5437,260
1.7442,263
1.5856,255
1.6388,257
1.6679,257
1.3628,266
1.8345,258
1.5042,264
1.7377,237
1.6503,244
1.7365,258
1.7003,245
1.6852,246
1.3681,272
1.5773,252
1.8808,243
1.7303,231
1.6543,249
1.6103,250
1.6257,259
1.2956,266
1.5152,264
1.7626,233
1.5693,264
1.6605,254
1.6244,259
1.5738,262
1.5418,264
1.7717,244
1.7560,261
1.2406,274
1.6442,273
1.6041,248
1.7143,257
1.6977,262
1.6374,248
1.4069,266
1.4290,257
1.7815,234
1.7511,254
1.4902,262
1.3318,280
1.6181,248
1.6999,246
1.6775,233
1.6917,248
1.5383,258
1.6740,239
1.6172,257
1.4594,271
1.4515,278
1.6908,254
1.8769,244
1.6034,255
1.5794,263
1.9564,246
1.5619,254
1.6742,245
1.5556,256
1.5636,250
1.8412,245
1.8425,254
1.5890,263
1.5231,251
1.4838,262
1.3710,261
1.7710,248
1.5411,260
1.4952,271
1.7114,246
1.6228,243
1.5493,257
1.6986,247
1.6330,261
1.5897,263
1.7298,240
1.3383,288
1.6001,257
1.6462,256
1.6311,259
1.5068,268
1.5374,259
1.5833,267
1.3394,266
1.5118,255
1.4044,256
1.5409,252
1.6142,255
1.6991,265
1.6976,235
1.4922,262
1.4663,258
1.6943,246
1.5292,268
1.6346,241
1.5264,286
1.6911,246
1.5863,254
1.4666,259
1.6426,256
1.5507,255
1.7823,262
1.6177,264
1.6557,250
1.4011,262
1.4642,260
1.8302,257
1.5341,249
1.5874,254
1.8910,243
1.2347,275
1.5454,259
1.6442,268
1.5679,255
1.5045,254
1.5418,258
1.8756,237
1.6618,256
1.5229,255
1.7884,244
1.6158,249
1.4512,259
1.7837,243
1.4790,263
1.6063,267
1.6491,254
1.7618,242
1.5193,252
1.9852,248
1.7463,250
1.5807,258
1.6374,254
1.8429,245
2.1347,228
1.7108,242
1.7383,261
2.0917,131
