0.9618,365
0.9188,367
1.0919,351
0.9862,375
0.9648,376
0.9379,379
0.9266,380
1.0128,365
0.9537,372
0.9876,356
0.8858,375
0.9109,372
0.8830,383
0.8223,385
0.8985,362
0.8341,395
0.8695,379
0.9133,372
1.0048,382
0.8695,390
0.8556,388
0.8323,386
0.8696,375
0.7985,385
0.8045,392
0.9037,369
0.8360,385
0.8015,381
0.8105,374
0.8188,386
0.7786,399
0.8861,379
0.9697,375
0.9146,372
0.8853,382
0.6966,405
0.8832,380
1.0024,363
0.7627,383
0.9373,364
1.0067,366
0.9936,364
0.9259,378
0.8586,376
0.8517,391
0.9525,369
0.7402,399
0.8543,386
0.8461,383
0.8425,379
0.9559,390
0.9113,375
0.8266,390
0.7547,389
0.8480,387
0.8101,391
0.7756,398
0.9249,383
0.8481,383
0.8468,386
0.9188,388
0.8559,382
0.8444,371
0.8728,387
0.8774,382
0.8741,391
0.9412,378
0.8274,391
0.9250,387
0.9038,380
0.7544,393
0.9135,365
0.8338,390
0.8695,386
0.9336,378
0.8902,365
0.8013,393
0.7250,415
0.7521,385
0.8712,380
0.7953,396
0.8637,383
0.7925,393
0.8856,382
0.8112,388
1.0264,366
0.7526,404
0.8043,388
0.7980,391
0.7482,398
0.8942,392
0.8151,391
0.7973,404
0.8941,390
0.7970,400
0.8216,395
0.9115,379
0.7958,399
0.7283,399
0.7585,399
0.8705,396
0.8069,389
0.7733,399
0.8085,397
0.7467,397
0.7813,408
0.8564,383
0.8243,383
0.7590,405
0.9514,380
0.7714,400
0.7329,415
0.8095,395
0.8294,398
0.9832,376
0.7521,401
0.8217,395
0.9544,387
0.7350,411
0.7687,408
0.7469,394
0.8629,397
0.8056,382
0.8689,394
0.8532,394
0.8905,383
0.8111,400
0.8556,387
0.8164,388
0.8450,393
0.7872,394
0.9855,376
0.8833,389
0.8510,389
0.7973,394
0.8546,391
0.8986,373
0.8010,397
0.8662,388
0.8093,401
0.8299,403
0.9231,382
0.9197,394
0.8264,397
0.7358,405
0.8686,392
0.8361,399
0.7308,401
0.8501,394
0.9131,379
0.8666,399
0.8997,377
0.8066,394
0.8142,387
0.8648,385
0.7970,397
0.9175,386
0.9256,389
0.7036,412
0.8554,391
0.7694,397
0.7238,408
0.8077,391
0.7768,398
0.9249,379
0.8172,402
0.8723,392
0.8667,385
0.7162,406
0.8723,396
0.6664,415
0.8242,411
0.8746,392
0.7766,395
0.8429,392
0.8081,394
0.8348,395
0.7765,402
0.7937,398
0.7157,400
0.8751,391
0.7997,395
0.9468,370
0.7637,411
0.8432,396
0.6680,416
0.8175,408
0.7386,400
0.8547,392
0.8966,386
0.7433,402
0.8533,389
0.7968,397
0.7657,402
0.8131,385
0.7486,402
1.0130,375
0.8505,398
0.9291,388
0.8596,391
0.8136,393
0.8246,401
0.8783,383
0.9165,386
0.8691,396
0.7987,399
0.8063,399
0.7910,392
0.9917,372
0.7856,403
0.7931,402
0.7782,408
0.9059,388
0.8485,391
0.7914,404
0.9234,386
0.8002,399
0.8279,383
0.8638,383
0.8019,398
0.8421,399
0.7443,400
0.9422,390
0.8473,394
0.9176,384
0.9324,387
0.7930,404
0.9110,381
0.8855,379
0.8872,390
0.8958,390
0.9131,383
0.8960,386
0.8549,393
0.8012,411
0.8729,381
0.9332,388
0.7708,395
0.8613,396
0.7619,414
0.8970,385
0.9051,379
0.7791,402
0.8176,400
0.8668,387
0.9762,379
0.8936,381
0.8889,390
0.8268,395
0.7828,397
0.8313,399
0.9162,392
0.8192,383
0.9914,378
0.7275,419
0.8534,397
0.9902,367
0.8780,387
0.7920,392
0.9966,384
0.9707,373
0.9438,386
0.9008,384
0.8854,378
0.8338,402
0.9124,377
0.8235,398
0.9036,399
0.9332,381
0.9571,376
0.8562,392
0.7633,403
0.9107,398
0.7484,417
0.8306,401
0.8810,382
0.7784,394
0.9004,379
0.8388,398
0.8693,397
0.7879,390
0.9124,394
0.7924,404
0.8553,394
0.7711,395
0.8138,397
0.8763,390
0.8106,394
0.9114,386
0.9319,376
0.8147,385
0.9193,384
0.8112,397
0.7951,399
0.8211,405
0.6969,418
0.8331,397
0.8207,404
0.7818,404
0.8407,389
0.8341,397
0.8180,396
0.8800,381
0.8354,403
0.9261,388
0.7639,410
0.8892,391
0.7250,408
0.9512,379
0.8729,393
0.9127,385
0.9535,390
0.8798,387
0.9092,386
0.7785,394
0.8455,386
0.8215,402
0.8486,391
0.9615,390
0.9208,376
0.8118,399
0.8887,389
0.8362,396
0.9108,384
0.8078,386
0.8096,398
0.9365,397
0.8909,387
0.9478,393
0.7864,397
0.8217,400
0.9432,378
0.8502,394
0.8550,392
0.8772,381
0.9046,376
0.8878,389
0.7913,405
0.8878,386
0.8152,401
0.8292,393
1.0065,370
0.8491,387
0.8767,402
0.9353,386
0.7990,394
0.8484,390
0.9060,388
0.9531,386
0.7850,406
0.8623,385
0.8682,399
0.7798,405
0.8659,387
0.8618,392
0.8545,391
0.9339,380
0.9284,388
0.9719,393
0.9207,373
0.8665,390
0.9231,389
0.8861,389
1.0323,365
0.8408,405
0.9560,381
0.9575,368
0.9090,390
0.7909,403
0.9681,378
0.8507,399
0.9026,396
0.8825,396
0.8585,385
0.8334,396
0.8899,391
0.9191,399
0.7626,408
0.9487,380
0.9517,383
0.9443,390
0.8979,388
0.9221,383
1.0856,369
0.9199,378
0.8286,393
0.8909,393
0.8976,379
0.8872,396
0.8360,411
0.8676,404
0.8432,387
0.8616,399
0.8047,387
0.9553,392
0.9086,383
0.8508,389
0.9578,384
0.8622,380
0.8999,389
0.7778,402
0.8947,396
0.9497,385
0.8118,397
0.9129,375
0.9083,392
0.8466,393
0.9751,390
1.0069,376
0.8465,397
0.9012,379
0.8704,393
0.8340,383
0.8681,393
0.8502,395
0.8146,387
0.8830,395
0.8640,394
0.9505,388
0.9051,388
0.8340,408
0.8633,400
0.8130,401
0.9809,381
0.9327,388
0.8641,393
0.9187,395
0.8898,388
0.9172,387
0.6749,421
1.0050,386
1.0065,381
0.8779,405
0.8819,383
0.9091,385
0.9055,390
0.8984,383
0.7831,408
0.9223,384
0.8705,400
0.8153,395
0.7864,406
0.9087,382
0.8744,387
0.8791,389
0.7317,413
0.9053,387
0.8041,413
0.9657,377
0.9723,387
0.8379,391
0.9463,396
0.8362,395
0.8809,383
0.9272,392
0.8069,395
0.8897,392
0.9049,383
0.8885,401
0.9912,383
0.9355,391
0.8732,397
1.0399,377
0.8417,388
0.9946,374
0.9203,380
0.9272,372
0.9059,393
0.8064,403
0.9096,392
1.0019,385
1.0063,374
0.8039,402
0.9384,383
0.9136,386
0.9627,380
0.8864,389
1.0136,393
0.9161,387
0.8722,388
0.9280,384
0.9629,393
0.8708,388
0.8948,391
0.9017,392
0.8451,392
0.9264,389
0.8723,384
0.9465,385
1.0878,364
0.9754,374
0.8445,405
0.8176,397
0.9154,392
0.9148,400
1.0570,377
0.8559,391
0.9600,380
0.9178,390
0.7835,404
0.9499,382
0.8910,390
0.9961,380
0.8901,384
0.9987,380
0.8107,403
0.8700,391
0.8798,391
0.8391,394
0.9058,381
0.9179,397
0.8755,397
0.8871,391
0.8450,394
0.7583,409
0.8901,382
0.8605,393
1.0017,379
0.7405,400
0.9848,381
0.8910,392
0.8526,412
0.7725,407
0.8972,392
0.8119,396
0.8652,400
0.9317,388
0.9730,377
0.9440,392
0.9202,396
0.9113,382
0.9391,387
0.9559,395
0.8625,399
1.0387,374
0.8901,394
0.9191,380
0.8498,396
0.8690,395
0.8800,386
0.9279,380
0.9107,394
0.9055,397
0.9539,395
0.8503,403
1.1707,373
0.8081,397
1.1282,370
0.8860,397
0.9006,392
0.9591,378
0.9215,388
0.8224,397
0.9436,380
0.9796,382
0.9292,389
0.9500,386
0.8717,395
0.8683,407
0.8835,390
0.9468,381
0.8808,394
0.9215,383
0.9369,388
0.9018,394
0.9108,386
0.9383,373
1.0515,377
0.8382,397
0.7772,410
0.9914,375
0.7904,415
0.7900,406
0.9103,394
1.0740,376
0.8490,396
0.9719,381
0.8694,384
0.9015,398
1.0534,364
0.9192,389
0.9205,387
0.9158,385
0.9716,383
0.8391,393
0.8675,391
0.9184,389
0.9438,383
1.0165,394
0.8142,402
0.9331,392
0.9547,387
0.8754,389
1.0409,376
0.7685,403
0.7963,403
0.9361,387
0.9459,384
0.9729,382
0.7843,404
0.9675,381
0.9037,387
0.8578,404
0.8260,394
1.0799,371
0.9429,390
0.9275,376
0.9555,389
0.8341,398
0.8885,388
0.7293,407
0.7967,404
1.0008,378
0.8743,385
0.8561,405
1.0195,379
0.9484,387
0.8708,381
0.8861,397
0.9153,398
0.9395,392
1.0679,367
0.9597,383
0.8116,393
0.7812,413
0.8427,397
0.8547,404
0.9914,384
0.9587,386
0.9489,386
0.9012,387
0.9346,388
0.8872,378
0.8902,399
0.9617,390
0.8623,392
0.8831,389
1.0076,376
1.0159,386
0.9058,388
0.8777,387
0.9563,385
0.8317,407
0.8133,390
0.9752,386
0.9975,379
1.0240,382
0.8934,393
0.9269,389
0.9670,386
1.0346,399
1.0016,377
0.8408,398
0.9084,383
0.9179,383
0.9430,391
0.8016,405
0.9182,397
0.8625,399
0.8362,392
0.8251,398
0.8198,397
1.0124,385
0.8500,390
0.9190,393
1.0163,379
0.8956,382
0.9959,385
0.8709,386
0.9919,374
0.8944,394
0.9321,386
0.9292,383
0.8927,389
1.0099,364
0.9008,395
0.9777,380
0.8497,402
0.8959,386
0.9122,382
0.8473,401
0.9014,392
0.9311,390
0.9272,386
0.9184,378
0.9811,384
0.8150,415
1.0196,386
0.9375,380
0.8547,387
0.8882,393
0.8666,401
0.7738,399
1.0016,374
0.8718,400
0.9017,393
0.9336,388
0.9712,392
1.0437,378
0.8878,390
0.8821,385
0.9262,396
0.9405,380
0.8529,396
0.9866,387
0.8451,390
0.9341,390
0.7235,406
1.0665,376
0.8375,406
0.8796,395
0.9721,386
0.9883,381
0.9809,374
1.0697,380
0.9638,384
0.9743,377
0.9476,394
0.8987,389
0.8582,391
0.8548,381
0.9045,399
0.9540,380
0.9591,391
0.7946,398
0.8579,401
0.9301,394
0.8874,384
0.9413,372
0.9381,387
0.9546,388
0.8886,408
0.9661,389
0.9313,389
0.8681,396
0.9392,396
0.8571,398
0.9025,397
0.8477,401
0.8870,384
0.9369,388
0.9517,393
0.9501,374
1.0255,381
1.0634,363
0.9145,391
0.9285,399
0.9467,385
0.8698,393
0.8616,395
0.9732,393
0.9901,381
1.0054,385
0.9223,385
1.0533,367
0.8768,391
0.7719,411
0.8670,404
0.9188,396
0.8888,402
0.9954,390
0.9919,380
0.8938,399
0.7605,402
0.9081,384
0.9427,391
0.8808,390
0.9584,387
1.0118,378
0.9285,384
0.8495,403
1.0036,376
0.8328,407
0.9933,386
0.8645,397
0.9876,387
0.9443,396
0.8927,391
1.0245,371
0.8339,390
0.8745,396
0.8092,404
0.9239,388
0.8763,399
0.9704,387
0.9968,398
0.8749,393
0.9570,389
1.0079,379
0.9835,391
0.9072,392
0.9587,393
0.9226,384
0.9646,374
0.9155,395
0.8582,382
0.9942,370
0.8008,399
0.9833,372
1.0020,390
0.8769,399
0.9042,386
0.8750,405
0.8667,397
0.8346,405
0.8213,407
0.9145,397
0.8809,404
0.7990,410
0.9825,387
0.9388,390
1.0312,381
0.9153,393
0.9789,388
0.9578,395
0.8888,397
0.9244,382
0.8303,396
0.9823,379
1.0288,374
0.8563,404
0.8085,410
0.9798,384
1.0333,392
0.8722,396
0.8665,395
0.8474,399
0.9263,394
0.8485,396
0.9399,381
0.9366,387
0.8904,384
0.9231,384
0.8328,394
0.9378,397
0.8518,395
0.9488,390
0.8157,408
0.8971,387
0.9800,398
1.0250,366
0.9648,379
0.8011,405
0.8532,398
0.9355,387
0.8221,411
0.9687,379
0.9594,379
0.9179,389
0.9346,380
0.9402,392
1.1206,381
0.9477,388
1.0056,375
0.9467,392
0.8253,404
0.8989,403
0.9131,403
0.8872,393
0.8633,388
0.9239,405
0.8545,400
0.8288,400
0.9381,378
0.9603,400
0.8708,406
0.9037,394
0.9243,392
0.8073,401
0.7840,404
0.8173,401
0.8723,391
1.0054,378
0.8389,396
0.9069,397
0.8687,394
0.9700,386
0.8515,403
0.9186,386
0.8685,393
0.9041,400
0.9004,388
0.9120,390
1.0386,383
0.9996,382
0.9096,395
0.9307,383
0.8964,408
0.9073,389
0.9283,401
0.8327,405
0.9239,389
0.9039,388
1.0264,390
0.8523,393
0.9475,403
0.8828,398
0.9318,390
0.8628,392
0.9470,385
0.9604,383
0.8852,406
0.9228,388
0.9356,385
0.9327,389
0.7770,402
0.9714,385
0.8596,407
0.9882,387
0.9465,387
0.7236,415
0.9817,377
0.8780,399
0.8129,410
0.8841,387
0.9874,397
0.9560,390
0.8515,397
0.9823,386
0.9428,383
1.0218,384
0.9557,375
0.9343,383
0.8888,388
0.9235,383
0.9619,391
0.8311,402
0.8265,389
1.0018,381
1.0765,379
0.7927,398
0.8234,392
0.8831,399
0.7514,407
1.0185,364
0.9756,391
0.8777,391
0.8863,406
1.0198,384
0.8529,394
1.0541,384
0.9728,379
0.9042,392
0.8931,407
0.8841,404
0.9258,395
0.7556,409
0.8510,385
1.0084,384
1.0471,373
0.8123,404
0.9898,388
0.9104,403
0.9456,387
0.9366,387
0.9450,387
1.0974,386
0.9474,390
0.9580,387
1.0188,392
0.9325,389
0.9960,386
0.9644,382
0.8960,404
1.0216,379
0.7949,405
0.9996,388
0.9183,405
1.0701,379
1.0712,377
0.9592,386
0.9258,393
0.9566,396
0.8503,393
0.8775,395
0.8743,402
0.9531,390
0.9899,373
0.8502,412
0.9453,394
0.9094,388
0.9741,385
0.8591,403
0.9073,391
0.9963,381
1.0643,378
1.0693,373
0.9573,386
0.9878,372
0.9471,389
0.8025,406
0.9744,385
1.0768,374
1.0940,371
1.0439,388
0.9395,388
0.9863,372
0.9372,380
0.8989,388
0.8959,386
0.8936,383
0.8710,383
0.8956,380
0.9809,382
0.8570,405
0.8606,391
0.8506,391
0.9397,387
0.9852,394
0.8576,398
0.8550,395
0.8496,390
0.6932,417
0.9208,397
0.8698,389
0.9129,385
0.9142,391
0.9627,388
0.9578,396
0.9200,397
0.9918,381
0.8026,413
0.8920,396
0.8796,395
0.8712,391
0.9081,399
0.7976,398
0.9493,386
0.9965,368
1.0064,391
0.9367,395
0.9383,383
0.9358,392
0.8861,396
0.8443,392
0.8814,398
0.9737,375
0.9277,397
0.9833,385
0.8940,397
1.0110,383
0.8281,411
0.7676,403
0.8965,387
0.8537,402
0.7869,414
0.8769,403
0.8596,403
0.8013,398
0.8801,403
0.9850,387
0.9953,385
0.9377,392
0.8571,405
0.8203,406
0.9304,397
1.0127,381
1.0100,383
0.8273,394
0.8915,398
1.0563,392
0.8878,395
0.9095,380
0.9043,391
0.8370,401
0.9570,395
0.9422,400
0.8611,397
0.9491,387
1.0002,376
0.9335,401
0.9124,396
0.8714,407
0.9180,402
1.0178,374
0.9105,393
0.9120,385
0.9973,388
0.8703,395
0.8651,395
0.9954,380
0.8288,397
0.7751,416
0.8438,393
1.0193,376
1.0114,386
0.9325,379
0.9546,389
0.9061,395
0.8766,391
0.9148,395
0.9106,400
0.8418,400
0.9806,380
0.9613,387
0.9924,382
0.8152,411
1.0011,375
0.9184,393
0.8781,401
0.8110,401
0.9700,383
1.0683,380
0.9526,379
0.9933,392
0.9421,392
0.8686,402
0.9201,388
0.8331,391
1.0103,397
0.9076,379
0.8984,383
0.9290,389
0.7956,410
0.8540,397
0.9903,392
1.0568,391
0.9389,392
0.8882,388
0.9021,384
0.8975,389
0.9289,391
0.8738,394
0.9478,393
0.7841,404
1.0659,376
0.9205,394
0.8130,406
0.8451,397
0.8048,403
0.9225,392
1.0862,360
0.9990,383
0.9981,377
0.9158,387
0.7774,409
0.9770,379
0.8351,399
0.9197,399
0.9220,385
0.8699,395
0.9463,390
0.9727,378
0.7628,416
0.9025,390
0.9107,398
0.9400,397
0.8915,402
0.9751,380
0.9398,394
0.9254,387
0.9061,390
0.9459,389
0.8209,403
0.9137,388
0.9425,385
0.9089,387
0.9167,389
0.8837,388
0.8739,395
0.9615,380
0.8449,407
0.9443,394
0.8898,402
0.9035,385
0.8395,397
0.9223,390
1.0187,391
0.9085,394
0.8845,406
0.8002,408
1.0032,371
0.8271,411
0.7769,417
1.0250,386
0.9570,392
0.9775,371
0.8232,401
0.8679,406
0.8701,388
0.9623,381
0.8782,394
0.9521,386
0.9293,386
1.0242,385
1.1817,370
0.9208,398
0.8267,397
0.9297,393
0.9737,383
0.8537,407
0.9479,377
0.9686,395
1.0287,386
0.9136,388
0.8812,380
0.8946,407
0.9483,386
1.0188,380
0.8592,399
0.9056,395
0.9047,395
0.8689,397
0.8480,388
0.8499,406
0.9104,395
0.9515,388
0.9011,396
1.0051,383
0.9503,391
0.9177,392
1.0271,375
0.9912,384
0.8505,396
0.9457,392
0.9795,379
0.9737,396
0.9010,396
0.8816,393
1.0072,384
1.0125,383
0.9380,379
0.8662,396
0.9679,392
0.9709,385
0.9955,392
0.9022,400
0.9823,392
0.9867,392
0.9596,389
0.9476,396
0.9354,389
1.0137,381
1.0064,390
1.0217,370
1.0629,374
1.0018,385
0.9168,387
0.8157,402
1.1643,374
0.9790,377
0.9567,394
0.9981,379
0.8551,393
1.0229,386
1.0288,385
0.9475,390
0.9760,391
1.0286,391
0.8595,403
0.8362,404
0.9922,389
0.8527,408
0.9828,387
1.0094,381
1.0074,370
1.0014,395
0.9057,387
1.0061,376
0.9641,381
0.9410,390
0.9101,397
1.2640,365
1.0460,385
0.9447,392
0.9161,386
0.9140,402
0.9292,395
0.8462,401
0.9844,383
0.9581,395
0.9658,387
0.9111,402
0.9444,388
0.9444,397
0.8081,408
0.8180,391
0.9488,378
0.8388,397
0.9993,383
0.9348,387
0.8405,402
1.0036,391
0.8903,381
0.9593,391
0.9476,403
0.9023,388
1.0377,399
0.9695,382
0.8672,395
0.9830,387
0.9880,379
1.0161,379
0.8241,393
0.9408,397
0.9006,387
1.1064,384
0.8701,388
0.8790,384
0.9817,387
0.8973,402
1.0826,384
0.9737,383
0.8589,405
1.1062,379
0.9023,399
0.9413,383
0.8276,394
0.9072,384
0.9539,389
0.9452,403
0.9711,387
1.1383,378
0.9418,388
1.1069,380
0.9759,385
0.9357,392
0.8050,406
0.9770,381
0.9948,376
0.8979,399
0.9064,389
0.9857,383
1.0459,380
0.9256,403
1.0078,388
0.9079,392
0.8307,406
0.8457,396
1.0117,396
0.8554,412
0.8502,411
0.9238,392
1.0812,370
0.9064,385
0.8471,394
0.9100,382
1.0064,384
0.7719,415
0.9026,389
0.9909,373
0.8412,397
0.8544,404
0.9079,388
0.9796,392
0.9710,375
0.8073,423
0.8603,403
0.8211,399
0.9515,385
1.0406,385
0.9307,390
0.8815,404
0.8838,404
0.9351,388
0.9967,384
1.0647,388
0.9333,393
0.9388,390
1.0011,384
0.9408,402
0.9003,399
0.8291,394
0.9745,379
1.0080,383
0.9573,396
0.8225,397
0.9182,386
0.9169,407
1.0354,388
0.9917,381
0.9708,374
1.0872,386
1.0129,383
1.1608,377
0.9484,390
1.0535,388
0.9811,385
0.9249,396
1.0458,375
0.8893,396
1.0850,364
0.8413,400
0.9194,389
1.0221,380
0.9116,398
0.9942,384
0.9619,397
0.9276,403
0.8228,399
0.9764,405
1.0989,375
0.9428,388
1.0154,378
0.8666,388
0.9122,398
0.8755,394
0.9075,397
0.8400,408
0.8581,407
1.0773,380
0.9836,383
0.9490,402
0.8623,400
0.7622,412
0.9272,395
1.0010,390
1.0246,380
0.9298,394
0.9641,396
1.0184,387
0.9001,391
0.8411,409
1.0752,376
0.8630,407
0.9935,386
0.8487,406
1.0090,375
0.9073,397
0.8579,392
1.0544,376
0.8388,397
0.9216,400
0.9527,388
0.8650,383
0.9730,387
1.0667,379
0.9331,395
0.8651,399
1.0011,401
0.9710,401
0.9844,395
0.9221,385
0.9129,404
1.0099,390
1.0209,392
0.9058,399
0.8533,399
0.8860,400
0.9638,388
0.8209,410
0.8118,414
0.8757,408
0.7608,403
0.8985,401
0.9545,380
0.9023,392
0.9618,399
0.9464,395
0.9560,384
0.8448,401
1.1029,370
0.9341,404
0.8868,406
0.9547,401
0.9136,402
1.0102,376
0.9869,391
0.9111,395
1.0978,369
0.9311,384
0.8016,403
1.0661,383
0.9142,387
1.0046,381
0.8758,393
1.0409,385
0.9824,388
1.0404,394
0.8973,405
0.8328,414
0.9579,383
1.0481,381
0.8981,394
1.0713,377
0.8997,398
0.8872,395
0.8716,408
0.8886,387
1.0096,376
0.9725,396
0.9655,393
0.9543,380
0.9845,390
1.1038,383
0.8048,395
0.7916,404
0.9444,396
0.9581,381
0.9011,402
1.0375,383
0.9735,385
1.0703,381
0.9257,395
1.0279,383
0.9585,402
0.9627,385
0.9137,401
0.9692,398
0.9062,399
0.8950,395
0.8413,407
1.0973,373
0.9472,390
0.8593,399
1.0829,374
0.8874,413
0.9836,381
0.9676,390
0.8978,392
0.9440,402
1.1210,384
0.9692,386
1.1472,388
0.9501,380
1.0624,391
1.0910,392
0.8805,405
0.8331,405
0.8720,402
0.7817,408
1.0026,390
0.9127,392
1.0556,377
0.9351,403
0.8850,394
0.9060,402
0.9577,393
0.9513,397
0.9597,383
0.9377,386
0.8367,396
0.9900,382
0.9970,385
0.9592,397
0.9697,379
1.0046,393
0.9563,399
0.8612,401
0.9208,405
0.9825,394
0.9287,381
0.9819,389
0.8652,406
0.8540,400
1.0831,378
0.7907,406
0.9956,401
1.0001,381
0.7911,411
0.8294,408
0.9923,398
1.0731,385
0.8436,396
0.9167,395
0.9971,391
1.1163,378
0.9960,382
0.8449,401
0.9509,398
1.0130,377
1.1303,374
0.9059,402
1.0256,392
1.0096,395
0.9214,397
0.9056,396
0.8988,380
0.9263,403
0.9371,401
0.9016,387
1.0059,379
1.0027,393
0.9797,386
0.9607,386
0.9568,383
0.8253,403
0.8939,398
0.9500,381
0.9533,402
1.0024,384
1.0371,385
1.0373,383
0.7657,411
1.0006,379
1.0073,392
1.0413,381
0.8888,391
0.9003,411
1.0358,393
0.9809,382
0.9246,401
0.8621,386
0.8370,402
0.9493,401
0.8607,404
0.9308,385
0.9758,384
1.0206,386
0.9453,391
0.9149,389
0.9402,395
1.0729,388
0.8467,400
0.8206,409
1.0473,387
0.9262,404
0.7953,418
0.8584,397
1.0710,367
0.8369,406
0.8522,393
0.9319,390
0.7717,412
0.9634,386
0.8709,392
0.9570,385
0.9856,387
0.9933,392
0.9200,390
1.0042,383
1.1717,372
0.9257,399
0.8160,412
0.9419,388
0.8721,393
1.0352,380
1.1435,379
1.0439,379
0.9290,396
1.0363,384
0.9701,396
0.8849,392
0.9779,380
0.9126,396
0.9511,403
0.9153,386
0.9603,404
0.9171,403
0.9147,408
0.8311,414
0.9496,396
1.0331,376
0.9789,393
0.9981,395
0.9474,403
0.8972,396
0.9605,390
1.0357,381
0.9512,392
0.9193,395
0.9946,389
0.9976,398
0.8567,408
0.9932,389
0.8841,404
1.0008,390
0.8433,394
0.8988,397
0.9645,391
0.9746,392
0.9509,389
1.0811,376
1.0502,379
0.9480,390
1.0766,378
1.0371,390
0.8262,393
0.9675,398
1.0238,384
0.9394,393
0.8570,405
0.8428,401
0.9721,386
0.9050,395
1.0671,393
0.9549,395
1.0973,379
1.0917,374
0.9972,388
1.0003,385
1.0515,378
0.8241,406
0.9193,383
0.9299,387
0.8927,387
0.7551,405
0.9660,399
0.9887,388
0.8100,409
0.9138,400
0.9158,398
0.8970,394
0.9837,396
0.9178,399
0.9150,393
0.8526,413
0.9250,401
0.9114,385
0.9304,394
0.7553,415
0.9659,390
0.8850,402
0.8037,397
0.9975,394
0.9853,391
0.8717,413
0.8181,398
0.9256,407
0.9674,390
0.9145,394
1.0034,392
0.9504,392
0.9356,402
0.8694,401
0.9272,401
0.8659,407
0.9344,388
1.0404,378
0.9463,394
0.9247,394
1.0431,385
1.0616,369
0.9720,386
0.9125,394
0.8999,401
0.9312,395
0.9467,404
0.9178,393
0.8495,399
0.9452,395
1.0640,386
0.9703,397
0.9959,395
0.8592,420
0.9436,398
0.9025,406
0.8683,400
1.0000,389
0.9436,405
0.9764,397
0.9497,395
0.9237,388
0.8951,404
0.9939,390
0.9174,403
1.0108,397
0.9817,386
0.8171,400
0.9553,392
0.9905,388
0.9109,396
1.0605,386
1.0618,394
1.1620,376
1.0424,383
0.8822,404
0.9946,383
0.8573,410
0.8874,401
0.9155,395
0.9905,386
0.9301,403
1.1326,371
1.0921,373
1.0516,378
1.0136,395
0.9720,383
1.0948,378
0.9097,392
1.0353,393
1.0769,373
0.9851,389
0.9300,392
0.9340,385
0.9904,376
1.0170,391
0.8595,407
0.9279,391
0.9894,391
0.9803,396
0.9454,394
0.9667,397
0.9559,396
0.8408,406
1.0056,382
0.9969,394
0.9632,397
0.9660,392
0.9638,396
1.0617,379
1.0542,389
0.8762,413
0.9469,391
0.9353,393
0.8440,422
1.0300,385
0.8755,393
0.9231,389
0.9308,404
0.9500,386
0.9366,392
0.9530,404
0.8586,402
0.7817,419
1.0355,394
0.9303,393
0.8932,397
1.0073,391
0.8046,411
0.8887,399
1.0404,380
1.0279,388
0.8730,410
0.9811,389
1.0185,398
0.9558,386
1.0050,394
0.9599,390
0.9518,393
1.0284,386
0.8888,394
0.9944,393
1.0102,391
0.8810,404
0.9845,388
1.0171,382
0.9614,395
0.9490,395
0.9473,399
1.0481,394
0.8974,399
0.8468,393
1.0092,381
1.0123,376
0.9608,392
0.9332,399
0.9430,395
0.7833,406
0.8942,404
0.9257,395
0.8205,418
0.8928,397
0.7857,412
0.9850,383
0.9291,403
0.9554,404
0.9586,407
0.8418,392
0.9139,393
0.9702,394
0.8089,397
0.9383,391
0.8461,402
1.0173,377
1.0484,391
0.7592,406
1.0248,387
0.9260,387
0.9432,400
1.0728,382
0.9695,396
0.9782,389
1.0287,382
0.9646,391
0.8700,396
0.8788,389
0.8644,401
1.0256,390
0.9752,399
0.9824,375
1.1254,366
0.9493,392
0.9370,384
0.9833,380
0.9868,387
0.9512,395
0.9028,392
1.1113,383
0.8847,384
1.0574,372
1.0743,379
1.0974,379
0.8967,399
0.9702,399
0.8701,394
0.9574,398
0.8752,399
0.9728,391
0.9851,394
1.0288,391
0.9470,390
1.0561,383
0.9107,391
0.9070,395
1.0393,398
0.9350,394
0.9504,402
0.8853,416
0.7217,416
0.9818,386
1.1776,371
1.0192,384
0.8166,405
0.8651,404
0.9687,384
0.9568,384
0.8629,411
0.9673,388
1.0665,383
0.9540,394
0.9291,395
1.0700,374
1.0096,387
0.9338,398
1.0000,388
0.9651,395
0.9732,399
1.0946,387
0.9683,384
0.8879,387
1.0984,401
0.8341,401
1.0291,393
1.1289,370
0.9629,377
0.9457,394
0.7748,416
1.0215,386
0.9905,381
1.0267,384
0.8684,402
0.9146,387
1.1553,377
0.9392,397
1.1020,382
1.1114,381
0.9563,400
1.0050,388
1.0827,378
0.8669,405
1.0341,389
0.7969,403
1.0561,382
0.9861,394
0.8595,404
0.9698,386
0.8830,395
0.8683,398
0.9857,402
0.9559,391
1.0356,385
0.9506,389
0.9378,390
1.0320,385
1.0445,388
0.9956,380
0.9810,382
0.9566,391
1.0700,378
0.8973,403
0.9137,402
1.0378,380
1.0074,383
0.9445,405
0.9461,395
0.9857,388
0.9576,401
1.0017,386
0.9648,386
0.9605,384
0.8565,402
0.9876,383
0.9904,393
1.0299,382
0.9554,391
0.9347,389
1.1172,379
0.8836,397
0.9230,398
0.8671,410
0.8322,396
1.1399,367
0.9613,393
0.8864,392
0.9701,381
1.0620,389
0.9245,397
0.9478,397
0.9049,390
0.9316,411
0.9290,399
0.9326,401
1.0158,393
0.9164,396
1.0003,380
0.9304,386
0.9987,377
0.9106,391
1.0700,382
0.9855,389
0.9528,396
0.8667,399
0.8742,408
1.0870,382
1.0447,388
0.9966,380
0.8919,401
0.9577,383
0.8910,408
0.9189,388
0.9286,400
0.9940,392
0.9118,404
0.9465,409
0.8427,406
0.8653,403
0.9186,394
0.9802,395
1.0810,379
0.8756,388
1.0630,379
0.9534,392
1.0262,380
1.0230,373
0.8709,394
0.9273,397
0.9518,388
1.0485,392
0.8826,391
1.0985,388
0.9150,395
0.8340,405
0.8642,402
1.0242,379
0.9887,389
0.9805,402
1.0650,382
1.0750,385
0.9175,404
0.8952,398
0.8919,395
0.9292,392
0.8830,401
0.8713,399
1.0517,393
1.0134,387
1.0672,388
1.0688,379
0.9980,387
0.9767,392
0.8866,391
0.9005,395
0.9765,400
0.9433,374
0.8965,399
0.9511,396
0.7989,398
0.8060,414
0.8726,399
0.8979,393
0.8614,403
0.9888,398
1.0669,380
1.0257,383
0.8861,395
1.0900,390
1.0297,383
1.0876,388
1.0033,384
0.9785,399
0.9413,405
1.0601,374
1.1436,364
0.9251,383
0.8666,388
0.9119,405
0.9804,393
0.8549,408
0.9833,391
0.8517,398
0.8773,406
1.0741,373
0.9780,379
1.0319,383
0.8440,408
1.1061,389
0.9411,387
0.8791,400
1.0189,393
0.9844,382
0.9697,399
0.8247,401
0.9387,405
1.0112,393
0.8896,400
0.9946,389
0.9169,384
1.0815,389
0.8921,396
1.0696,399
1.0511,385
0.9473,390
0.8335,400
1.0371,387
1.0885,374
0.9169,400
0.9556,398
1.0377,377
0.8979,406
0.9847,386
0.9869,392
0.9195,399
1.0173,394
1.0270,376
1.0256,383
0.7614,408
0.9235,390
0.9609,393
0.8453,405
1.0806,371
0.9225,395
1.0258,382
0.9956,396
1.2584,372
0.9051,406
1.0593,387
1.1345,400
1.0294,391
0.9377,400
0.8083,401
0.9004,391
1.0071,383
0.9838,393
0.9389,383
0.9895,393
1.0658,385
0.9970,384
0.9537,395
1.0873,392
1.0738,389
0.9859,389
0.9437,393
1.0167,396
0.8874,395
0.9430,395
1.1168,372
0.8652,394
0.9767,387
0.9607,405
1.0617,392
0.9660,392
1.0247,395
0.9554,404
0.8946,392
0.8831,400
1.0090,383
0.9525,394
0.9132,392
1.0162,379
1.1312,385
0.9168,404
1.0740,377
1.0736,387
0.9643,387
0.8007,404
0.8742,399
1.0570,378
0.9747,381
0.9750,379
1.1123,371
0.9326,397
0.8555,404
0.9694,399
0.9876,394
0.8871,395
0.9451,390
1.0324,387
0.8548,418
0.9038,394
0.9308,407
0.8937,400
0.9045,392
0.9426,399
0.9616,381
1.1287,380
0.8971,398
0.9765,400
1.1359,379
0.9129,403
0.9089,380
0.8839,415
0.9789,395
0.7996,414
0.8702,404
1.0703,388
0.8555,410
0.9506,397
1.0493,391
0.9281,403
1.1386,398
1.0223,397
0.9983,386
0.9186,407
0.9343,399
0.9847,392
0.9250,393
1.0232,390
0.8151,410
0.9651,381
0.9303,406
0.9080,393
0.9931,404
0.9531,377
1.0271,382
1.0352,397
0.7357,419
0.7696,410
1.0422,389
1.0475,385
0.7853,404
0.8915,408
0.9570,390
0.7873,417
0.9111,397
0.9077,402
1.0757,394
0.9298,407
0.9501,386
1.1318,386
1.0009,392
0.7675,413
1.1565,386
0.9064,396
1.0172,393
1.1064,382
1.0063,395
0.9738,389
0.9542,386
0.9568,400
0.8389,408
1.0887,382
0.9712,389
0.9156,386
0.8834,407
0.9647,389
1.0578,391
0.9039,399
1.0749,382
1.1176,380
0.9347,390
0.9829,400
1.2095,370
1.0895,372
0.7970,408
0.9807,392
1.0117,392
1.0780,376
0.9575,403
0.9740,395
0.9436,399
0.9186,393
0.9019,394
0.8380,407
0.9133,394
0.9895,394
0.9003,397
0.9215,404
0.9076,399
0.8610,402
1.0826,388
1.1367,385
1.0575,382
1.0831,397
0.9621,390
0.9784,397
0.9494,388
0.8863,402
0.9828,389
0.8874,388
0.8823,403
1.0106,385
1.0875,383
1.0058,383
1.0783,384
0.9978,389
0.9227,394
1.0647,384
0.9333,392
0.9363,394
0.9723,397
1.0441,389
0.9637,407
0.9903,398
1.0307,401
0.8455,415
0.8193,409
0.9990,382
0.9279,396
1.0058,389
0.9321,395
1.0214,401
0.9133,393
0.9476,386
0.8596,396
0.9380,400
0.9100,398
0.9448,401
1.0389,403
1.0423,383
0.9792,396
0.8183,410
0.9890,384
0.9832,394
0.8611,397
0.9559,395
0.8565,395
0.9297,395
0.9688,391
0.8793,391
1.0005,400
0.9952,379
0.9833,394
0.9581,396
1.0389,392
1.0189,376
0.9269,398
1.0445,379
1.0770,393
0.9782,396
1.0352,388
0.9903,394
1.0832,387
1.0279,388
1.0219,385
0.8684,399
0.9305,388
0.9323,400
1.0073,386
0.9084,395
0.8323,406
1.1479,387
0.8844,396
0.9571,380
0.9272,401
0.9044,389
0.9979,388
1.0414,386
0.9600,400
0.9435,402
0.9564,397
0.8528,409
1.1302,380
1.0088,393
1.0941,389
0.9467,389
1.0255,384
0.9041,393
1.0050,377
0.9052,400
0.8664,402
0.8677,404
0.9656,402
1.0507,392
0.8848,404
0.9718,403
0.9581,394
0.9965,394
0.8467,407
1.0220,383
0.9327,397
1.1278,384
0.9053,394
0.8997,389
0.8524,406
0.9169,394
1.0002,385
0.9886,387
0.9728,392
0.8500,411
1.0466,392
0.9848,389
1.0440,388
0.9813,396
1.0896,379
1.0646,381
1.0467,385
0.9826,379
1.0918,390
1.0762,390
0.9714,393
1.0519,397
1.0067,392
0.9657,388
1.0932,379
0.8082,421
0.9454,398
1.0670,384
0.9549,397
0.9816,386
1.0731,398
0.8688,410
0.9566,392
0.9156,402
0.9573,394
0.9705,388
0.9560,391
0.9614,391
0.9338,388
0.9917,396
1.0034,399
0.8071,409
0.9554,401
1.0617,401
0.9736,394
0.9557,399
1.0473,378
0.9411,403
0.9794,389
1.0318,378
0.9692,390
0.9045,402
0.9874,401
1.0437,383
1.0407,386
1.0398,387
0.8494,407
0.9723,386
1.0674,373
0.9154,385
0.9429,389
0.9524,397
1.0486,385
0.9121,390
0.9659,391
0.8890,403
0.9614,391
0.8428,400
0.7988,416
0.9649,387
0.9836,388
0.9350,386
1.0293,391
1.0274,391
1.0003,389
1.0464,385
1.1216,378
0.9972,398
0.9166,385
1.0320,390
0.9844,392
1.1068,387
1.0416,374
1.0848,396
0.9198,406
0.9733,389
0.9547,387
1.1100,375
0.9734,385
0.8443,406
1.1018,378
1.0872,379
0.9897,395
0.9205,394
0.7666,408
0.9865,396
1.1433,369
0.9008,410
1.1944,373
0.9364,407
0.9111,397
0.9183,398
1.0031,384
1.0729,382
0.9710,385
1.0500,383
1.1157,383
1.0063,404
0.9196,399
1.0813,388
0.8714,380
0.9460,400
0.9984,397
0.9444,388
1.0085,395
0.9139,406
0.8412,408
0.9980,384
0.8226,402
0.9251,401
0.9729,390
0.9572,383
0.9615,404
0.9272,402
0.9310,399
0.9715,404
0.9587,398
0.9768,396
0.9495,398
0.9781,396
0.9325,398
1.0837,397
0.9314,386
1.0098,395
1.0116,389
0.9783,392
0.8753,387
0.8494,406
0.9619,387
1.1255,394
0.9531,402
0.9182,393
1.1030,402
1.0198,390
0.9859,389
1.0265,380
0.9468,402
1.0239,397
0.8237,414
1.0096,391
0.9707,397
1.0055,385
1.0646,391
1.0448,385
1.1235,377
1.0761,397
0.9570,386
1.0162,380
1.0199,394
0.9679,381
0.9435,397
0.9968,394
1.0807,392
1.1218,391
0.9279,400
0.9173,397
1.1363,376
1.0236,384
0.9104,391
1.0087,389
1.1329,385
1.1499,384
0.9861,385
1.0228,378
1.1212,383
0.9773,373
0.9224,389
1.0573,372
1.1591,364
0.9443,396
1.0432,393
1.0666,394
1.0332,389
0.9486,390
1.1575,390
1.0221,394
1.0799,392
1.0439,376
0.9649,399
0.9805,398
1.0587,376
1.0700,375
0.9710,385
1.0885,398
1.0157,377
1.0736,389
1.1080,383
0.9553,392
1.0525,387
1.2047,372
0.9303,391
0.9342,403
1.0903,373
1.0026,387
0.9352,392
1.0238,388
1.0316,391
1.0687,391
1.0106,378
0.9154,408
1.0530,385
0.9605,391
1.0030,402
1.1125,387
0.9343,406
1.0277,394
1.0110,397
1.1176,374
1.0964,377
1.0868,400
0.9103,402
1.1028,384
0.8727,402
0.9423,398
1.0438,371
1.0451,374
1.0318,391
0.7561,409
0.9721,390
1.0246,389
1.0546,402
0.9937,400
0.9390,398
0.9491,394
0.9613,396
0.9065,399
0.9805,384
1.0244,385
1.0598,378
0.9391,393
0.9487,401
0.9931,391
1.0413,385
0.8723,405
0.9438,387
0.8438,400
1.0718,393
0.9093,395
0.9317,411
1.0495,390
1.0964,373
0.8402,398
0.9847,397
0.9697,403
1.1314,388
1.0900,381
1.1212,380
0.9520,403
1.0806,375
0.9198,395
1.1667,375
1.0141,389
0.9834,406
1.0393,387
1.0346,405
0.8357,419
1.0872,393
1.0978,379
0.8046,407
0.9836,396
1.0292,392
1.0635,381
1.1296,386
0.9183,398
1.0902,394
1.0690,402
0.8927,396
0.8980,409
0.9591,400
0.9656,382
1.0784,380
1.0646,387
1.0239,392
0.9857,388
0.9867,403
1.1162,388
0.9987,384
0.9570,401
0.9940,389
1.0400,396
1.0443,393
0.9692,396
0.9728,392
1.0715,393
0.8729,397
1.0052,395
0.9283,404
0.8834,405
1.0949,385
0.9236,395
0.8527,407
1.0337,390
0.9671,398
0.9670,403
1.0905,387
0.8232,412
0.6842,417
0.8927,381
0.8873,397
0.9424,394
0.9403,412
0.9202,404
1.0443,394
1.1836,387
1.0114,385
0.9761,388
0.9270,394
0.9202,417
0.8956,420
0.9506,396
1.0228,392
0.9036,410
0.9699,404
0.9375,397
0.8280,410
1.0116,380
1.0186,390
1.0132,384
0.8944,398
1.1009,389
0.8556,401
1.0182,373
1.0986,361
0.9608,400
0.9941,400
1.0557,387
0.9235,394
1.1052,373
0.9960,387
1.0127,398
1.0500,394
1.0515,395
0.8775,387
0.9033,399
0.9943,390
1.0779,384
1.0046,394
0.9411,398
0.9784,382
1.0026,401
0.8376,405
1.1014,393
1.0311,388
0.9512,397
1.0186,376
0.9162,394
1.0537,380
0.9523,400
1.0585,388
1.0233,385
0.9884,399
0.9930,390
1.0222,394
0.9808,391
1.0764,393
1.0546,388
0.9302,400
0.9065,398
0.9734,384
1.0427,382
1.0583,391
0.8030,414
1.0225,391
0.9818,401
1.0795,394
0.9777,396
1.0612,369
0.9303,405
0.9341,390
0.9364,386
0.9894,384
1.0362,385
0.8170,414
1.0317,390
0.9510,398
1.0095,391
0.9637,384
0.9302,398
1.0310,394
0.9886,398
0.9367,398
1.0289,391
1.0223,380
1.0425,381
1.0053,399
0.9443,402
0.9830,394
1.0557,395
0.9585,388
0.9768,410
1.0850,386
0.9810,394
0.9338,401
0.9222,398
1.0678,378
0.9841,385
1.0051,394
1.0928,380
0.9100,394
1.0468,386
1.0048,395
1.0698,374
1.0164,391
0.8571,403
0.7935,415
0.9790,387
1.0111,400
0.9571,403
0.9877,394
0.8803,406
1.0309,382
0.9413,400
0.8474,405
1.0353,393
1.0399,390
1.1314,391
1.0694,377
1.0885,377
0.9838,393
0.8767,403
0.9019,405
0.8437,406
1.0804,407
1.0387,386
1.1969,383
0.9828,386
0.8833,403
0.9867,401
0.9138,397
0.9833,396
1.0083,388
1.0834,396
0.9720,395
0.9732,403
0.9946,393
0.9756,384
0.9600,394
0.8779,402
0.9282,399
0.7966,413
1.0011,397
1.0390,396
0.9324,399
1.0663,379
1.0364,394
0.9860,380
1.0990,377
0.9947,395
0.9878,398
0.9914,393
0.9609,394
0.9506,408
0.9253,399
0.9701,391
1.1554,380
0.9549,410
0.8796,406
0.9132,405
1.0368,403
0.9825,394
0.9939,385
1.0439,382
0.8596,406
1.0373,392
0.8028,414
1.1845,380
0.8536,403
1.0829,383
1.0826,382
0.8950,401
0.9205,407
0.9617,395
1.0828,398
0.9233,405
0.9594,393
1.1458,393
0.9966,402
1.0879,382
0.8952,388
0.8850,395
1.1744,391
1.0645,382
1.1708,388
0.9673,390
0.9143,397
0.9064,393
1.0618,383
0.9826,401
1.0009,381
0.9338,404
0.9194,402
1.0139,392
1.0657,384
1.1635,384
1.1123,388
1.0278,385
1.1290,387
0.8740,409
1.1458,380
0.9623,386
0.9412,404
1.0086,397
1.1376,381
1.0291,402
1.1365,383
0.9894,386
1.0169,388
0.9265,385
1.0838,394
0.9280,394
0.9506,387
1.0574,386
0.9779,412
0.9830,404
0.9427,397
0.9643,385
1.0374,379
0.8234,414
0.9438,381
0.8651,412
1.1204,374
0.8822,402
1.0679,400
0.8661,401
0.9207,399
0.8364,400
1.0665,394
0.9612,382
1.0402,387
0.8583,400
0.9348,394
1.0601,379
1.0053,398
1.1655,383
1.0203,389
1.0050,396
0.9685,389
1.0271,402
0.9435,394
0.9869,396
1.0458,386
0.9117,386
0.8206,405
1.0261,389
0.9577,396
1.0628,397
0.9445,391
0.9252,394
1.0179,378
1.0027,388
1.0860,390
0.9500,397
1.1224,374
1.0585,378
1.1003,383
1.0177,389
0.9600,395
1.1094,393
1.0215,401
0.8469,414
1.1103,385
0.9986,387
0.8567,404
1.2099,385
1.1176,380
1.0206,383
1.0330,391
0.9820,398
1.0800,390
1.0817,389
0.9450,391
0.8961,399
0.9869,395
1.0881,394
0.9565,393
1.0373,388
0.9632,392
1.0926,383
0.9501,403
1.1106,382
0.9379,415
0.8960,405
0.9646,396
1.0586,391
1.0451,378
0.9719,382
1.0726,392
0.8677,405
0.8884,412
0.8612,405
1.1278,396
1.0269,390
0.9493,405
0.8763,405
0.7918,406
1.1323,379
1.0247,391
1.0577,393
1.0057,389
1.0124,388
0.9451,392
0.9224,391
1.0227,389
0.8638,412
1.2182,380
0.9082,398
1.1209,385
1.0180,390
1.0446,393
1.0490,382
0.8973,390
1.0160,400
1.0413,397
0.8735,406
1.0317,395
0.7570,413
1.0080,394
0.9778,395
1.0125,379
0.9486,393
0.9402,400
0.9065,409
1.0222,396
1.0478,399
1.0458,397
1.0729,390
1.0931,389
0.9484,399
0.9278,409
0.8770,411
1.0289,383
1.0323,376
0.8676,400
0.9816,407
0.9276,389
0.9973,392
0.9682,406
0.9329,397
1.0557,393
1.2469,375
1.0162,394
1.0610,390
1.0372,398
1.0200,394
1.1438,391
1.1387,385
1.1697,391
1.1167,373
1.0267,393
1.0123,394
0.9852,389
0.9794,387
1.0690,380
1.0916,391
0.9556,398
0.9259,408
0.8328,401
1.0670,388
1.0476,387
0.9795,398
1.0062,394
1.1115,387
0.9110,391
1.0859,380
1.0417,388
0.9836,398
0.9834,379
1.0522,396
0.9858,389
0.9416,392
0.8958,396
1.0938,389
1.0403,384
0.9798,395
0.9842,395
0.8754,408
0.9331,381
0.9844,400
1.0402,395
0.9648,379
1.1509,380
1.0436,402
1.0415,398
1.0979,379
0.9822,381
0.8940,400
0.9329,405
0.9311,386
0.8975,394
1.0510,393
1.0288,390
0.8691,398
1.0930,379
1.1439,390
1.0422,381
1.0406,384
1.0484,391
0.9832,396
0.9567,392
0.9686,397
0.9629,391
1.1043,393
0.9424,389
0.9757,390
1.0271,381
1.0962,391
1.0471,404
0.9636,409
0.9938,396
1.0071,378
0.9772,394
1.1130,396
1.0089,387
0.9991,398
1.0200,378
1.1389,381
0.9694,392
0.9941,391
1.0280,384
1.1111,382
1.1162,384
0.9696,390
0.8611,410
0.9813,399
1.0236,382
0.9547,398
1.0440,399
0.8930,397
1.0263,398
0.8943,398
1.0324,377
1.1230,388
0.9601,397
1.2334,373
0.8681,408
1.1425,389
0.9884,394
1.0672,394
0.8576,411
1.0239,396
1.0932,393
1.0658,382
1.1356,385
0.9888,397
1.1659,371
0.9539,388
0.9056,405
0.9937,398
0.9741,387
0.9820,406
1.1222,377
1.0256,393
0.9828,396
0.8916,405
1.0290,391
1.0802,391
0.8945,407
0.8698,396
1.0637,387
1.0763,381
1.0733,377
1.0145,395
0.9537,400
1.0437,394
1.2477,372
0.9464,389
0.9955,394
1.0847,381
0.9177,409
1.1503,381
1.0002,394
0.9749,396
1.1273,392
1.1973,378
1.0380,387
1.0854,387
1.0431,375
0.9457,391
1.0854,398
1.0228,398
0.8190,410
1.0150,386
0.9184,397
0.9775,399
1.0142,399
1.1091,382
1.0297,391
1.0142,386
0.9979,376
1.1364,390
1.1283,393
0.9667,402
0.9928,393
1.0661,389
1.0939,390
0.9899,397
0.9798,394
1.0201,384
0.9376,403
1.1602,383
1.0466,390
0.9971,399
1.1631,380
0.8059,407
0.9876,390
0.9633,401
1.1515,383
0.9267,393
0.9928,394
1.0117,400
1.0558,389
0.9669,399
0.9080,406
1.0755,389
0.9320,399
1.0494,393
1.0269,381
1.0408,394
0.9722,392
1.0636,389
1.0583,386
0.9619,397
0.8835,408
1.0102,400
1.0845,383
0.9917,395
0.9852,395
1.1595,387
1.0325,389
1.0007,401
1.0451,395
0.9322,404
0.9291,408
0.9463,396
0.8820,401
0.8934,402
1.0743,388
1.1785,390
0.9763,406
1.1087,391
0.9759,387
1.2423,378
1.0799,397
1.0056,402
1.0149,377
1.0377,388
1.2995,365
0.8540,412
1.0280,404
0.9092,405
0.8797,396
1.0331,389
0.9765,398
0.9448,404
1.0861,392
1.0092,401
0.9534,390
1.1081,381
0.9712,396
0.9508,400
1.0085,406
0.9954,396
0.9121,396
1.0347,398
0.8572,403
1.0150,406
0.9883,390
1.0135,386
1.0096,389
1.0751,379
1.1190,392
1.1866,375
1.0828,400
1.1003,385
1.0717,388
0.9297,398
1.0144,390
1.0848,393
0.9284,403
1.0772,401
1.0855,381
0.9446,404
1.0443,397
0.9875,392
0.7577,428
1.0784,384
1.0842,371
0.8387,401
0.9630,407
0.9108,411
1.0488,396
0.9023,392
1.0682,389
0.9217,405
1.1583,387
1.0763,385
1.0731,381
0.9436,394
0.9758,401
0.9105,396
1.0547,391
1.0882,388
1.1842,387
1.0067,399
0.8356,413
0.9250,414
1.0819,388
1.0792,392
1.1197,374
1.0201,393
1.1069,387
1.0326,369
0.9132,406
0.9547,397
1.0222,384
0.9778,407
1.0552,397
1.0815,382
0.9664,402
1.0587,398
0.8918,414
1.0399,388
1.1055,386
1.0752,399
1.0695,392
1.0616,392
0.9788,398
1.0345,382
0.9771,402
0.9151,400
1.0013,384
0.8145,402
1.0565,387
1.0279,388
1.0085,392
0.9972,403
0.9578,405
1.0211,403
0.8771,404
0.9062,394
0.9844,390
0.9077,387
0.9373,391
1.0868,388
1.0147,399
1.0472,379
0.9715,392
0.9603,390
1.0218,389
1.1017,390
1.0020,391
0.9781,408
1.0421,385
1.0291,396
1.0770,390
1.0218,386
0.8951,419
0.9890,407
0.9763,412
1.2128,383
0.8619,396
1.1027,382
1.0139,395
1.0595,381
0.9782,404
1.3326,368
1.0681,395
1.0426,398
1.0344,392
0.9492,398
0.8174,411
1.0741,411
0.8818,407
1.0413,380
1.0686,389
1.1194,380
1.1474,373
1.0179,396
1.1592,395
1.0175,398
0.9723,399
0.9808,393
1.1290,402
1.0422,377
0.9999,392
1.0936,393
0.8795,402
0.9495,397
0.8934,396
0.9634,391
1.0502,394
0.9697,395
1.0980,376
0.9568,394
0.8677,407
1.1991,368
0.9640,392
1.0535,395
1.3014,383
1.1474,395
0.8672,414
1.0555,378
1.0456,386
1.1285,386
1.0299,382
1.1684,385
1.0541,393
0.9573,395
0.7539,399
0.9745,397
0.9903,388
1.0358,388
0.9473,405
1.1110,405
1.0802,382
0.9861,401
1.0977,392
1.1017,400
0.8919,396
1.0522,391
1.1559,384
1.1108,385
0.8767,396
0.9767,407
0.9792,399
0.9224,399
0.8759,396
1.0423,389
1.0569,399
1.0412,393
0.9061,398
1.0813,385
1.2553,383
1.0177,404
0.9739,397
0.9459,398
1.1498,382
1.1100,388
0.9804,402
0.9495,382
0.9955,393
0.9937,382
1.0366,398
0.9559,392
1.1804,391
1.0155,396
0.9648,395
1.0068,396
1.1395,382
0.8265,404
0.8852,392
1.0671,388
1.1335,379
1.0708,386
0.8510,411
0.9741,394
1.2477,388
0.9747,401
0.9559,404
0.9911,389
1.0956,400
0.9306,409
1.0864,373
0.9681,404
1.1474,393
1.0188,390
1.0453,398
1.0326,392
1.0780,382
1.0343,389
1.1264,387
0.9604,401
1.1178,397
1.1374,377
1.0915,389
1.0219,376
0.9731,396
1.1210,388
1.0401,385
1.2277,376
1.0668,388
0.9845,399
0.9599,395
1.1507,389
1.0732,395
1.1498,383
0.9870,388
1.2277,379
0.9815,402
1.0278,390
1.0677,397
0.9902,398
0.9716,404
1.0514,386
0.9030,411
1.0109,395
1.0755,376
1.0952,397
0.9017,406
1.1960,373
1.1236,378
0.9132,406
1.1342,379
1.1070,385
1.0410,386
1.0343,392
0.8934,401
1.0235,395
1.1232,391
0.9371,404
1.0573,383
0.9596,394
1.0780,376
0.9231,400
1.0122,398
0.9524,393
1.1477,395
1.1317,390
0.8431,400
1.1730,380
0.9170,388
0.8769,399
0.9495,414
0.9666,390
1.0975,393
1.0301,405
1.1810,381
0.9505,396
1.1276,396
1.1619,376
0.9684,402
1.0313,387
1.2103,390
1.0511,382
1.0753,386
1.0429,395
1.0781,391
0.9687,384
0.9931,396
1.1598,375
1.0920,383
1.0878,393
1.0599,389
1.2283,376
0.9824,388
1.1504,392
1.0744,375
0.9429,400
0.9599,397
1.1117,391
1.0925,387
0.9086,413
1.1202,374
1.0065,390
1.0503,397
1.0981,389
0.8645,402
1.0891,389
0.9718,398
1.2157,393
1.0152,391
1.0169,411
0.9927,388
1.0050,394
0.8695,413
1.0919,395
0.9397,399
1.0028,404
0.9113,399
1.1458,401
1.0561,400
1.0813,387
0.9655,402
0.9507,390
1.1239,392
0.8427,407
1.0606,399
1.0034,390
0.9342,403
0.9686,403
0.9514,392
1.0912,379
0.9130,401
1.0730,393
1.0162,395
1.0219,397
0.8962,402
1.0825,386
1.2424,382
0.9926,400
1.0628,388
1.0502,384
1.0410,401
1.0560,386
1.0082,392
1.1323,395
1.0492,397
1.0738,403
1.2350,382
1.2440,384
1.0362,403
0.9613,397
1.0920,382
0.8286,415
0.9003,405
1.0743,384
0.9708,410
1.0450,386
1.1993,382
1.2903,364
1.1001,387
0.9798,384
1.0399,405
1.0648,394
1.2039,365
1.2364,383
1.0514,395
0.9781,399
1.1427,395
1.0340,382
1.1017,386
0.9639,407
1.0611,388
0.9561,401
1.0065,408
1.0892,400
0.9891,384
1.0850,389
1.2297,381
1.1258,380
1.0220,398
1.1137,382
1.0797,386
0.9779,394
1.0669,398
1.1220,383
1.0551,403
0.9723,403
1.0550,379
1.1535,393
1.1907,384
0.9872,396
1.1312,377
1.3197,381
1.0793,397
1.0100,384
1.0634,396
0.9483,401
1.0520,392
1.0490,381
0.9936,395
1.0532,386
1.0792,382
1.0228,379
1.0963,386
1.1397,396
0.8477,404
0.9734,387
1.0385,381
1.3355,371
1.0736,383
1.1089,365
0.9563,397
0.9716,399
1.0812,384
1.0124,393
1.0078,389
0.9440,412
1.1028,394
0.9860,392
1.0136,392
1.0228,386
1.0106,390
1.0941,388
1.0525,393
1.1531,374
0.9394,392
0.9823,388
0.9849,401
0.9463,399
1.1896,387
1.0591,394
0.9003,411
1.0029,397
0.8856,402
0.9604,383
0.9346,391
0.9453,394
1.1319,388
1.2343,390
1.0335,408
1.0521,400
1.0077,389
1.2618,360
0.9149,400
1.0040,385
1.1369,394
1.2647,382
1.2310,377
1.0083,396
0.9865,401
1.1322,375
0.9518,394
1.1250,390
0.9852,396
1.2252,381
1.1405,398
1.0967,401
0.9926,393
0.9522,396
1.1515,397
1.0377,400
0.9635,409
1.0698,397
1.2278,375
0.9730,398
1.1465,380
1.1064,381
1.0256,380
0.9002,404
0.9871,400
0.9756,407
1.0348,393
0.9328,398
1.1097,397
1.0003,391
0.9758,397
1.1843,382
1.1704,387
1.0956,385
0.9504,393
1.0999,380
1.1572,402
0.9507,402
1.0252,404
1.0001,400
1.1454,390
0.9732,407
1.0153,402
1.0456,399
1.1108,392
0.9116,397
1.1098,396
1.2677,379
1.1453,391
1.0386,388
1.1761,382
1.0792,400
1.0775,386
0.9070,399
1.2351,384
0.9208,410
1.0273,389
1.1548,386
1.1701,396
1.1625,380
1.0401,391
0.9230,393
1.1480,393
0.9274,400
0.9674,405
0.9479,406
1.0879,386
1.1341,383
1.0759,400
0.9961,391
1.0632,391
1.1379,381
1.3020,371
1.0102,397
1.0140,399
1.0482,389
1.1666,384
0.8700,399
1.1001,403
1.2933,368
1.1377,397
1.0289,402
1.2901,365
1.2599,376
1.0682,391
1.0626,387
0.9185,403
1.2645,376
1.0203,388
1.2649,375
0.8997,396
1.2851,367
1.1302,380
0.9362,406
0.9304,404
1.1269,383
1.0077,394
1.1370,376
0.8671,406
1.0172,403
1.0572,388
1.0777,393
1.2389,383
1.0001,394
0.9456,406
1.1076,388
1.2092,378
1.0910,406
1.0484,385
1.0637,389
1.1291,385
1.0847,391
1.1493,382
0.9193,401
1.0525,390
1.2653,370
1.1214,377
1.1568,392
1.2853,369
1.0572,403
0.8647,406
1.1539,383
1.1419,373
1.1411,380
1.1798,385
1.1279,388
1.0613,393
0.9792,394
1.1534,392
1.1063,397
1.0476,391
1.1775,373
1.0786,385
0.8081,405
1.1912,381
1.0936,387
1.0528,397
1.0143,395
0.9936,404
1.0861,381
0.9235,398
1.1968,392
1.0003,396
0.9817,398
1.1819,369
1.0454,398
1.2265,382
1.0766,396
0.9854,393
1.0684,398
0.9926,397
1.2135,366
0.8812,410
0.8898,398
0.9722,395
1.1440,390
1.0425,392
1.1462,384
1.0503,383
1.0245,395
0.9241,408
0.9080,406
1.0281,393
0.9447,412
1.1527,387
1.0791,386
1.0191,381
1.1598,381
1.0942,404
1.1265,378
0.9408,397
1.0290,391
1.0070,405
1.0631,384
1.1510,372
1.0180,373
1.1469,386
0.8914,398
0.8446,408
1.0860,379
1.0275,404
1.2435,377
1.2253,387
0.9055,396
1.0351,400
1.0235,399
1.1384,400
0.9953,399
0.9128,408
1.0151,395
1.2609,379
1.0565,386
0.9931,401
0.9455,392
1.1010,389
1.3347,378
1.0309,393
0.9647,400
1.0719,387
1.1305,395
1.0233,402
1.1464,389
0.8642,403
1.0965,391
1.1095,394
1.0562,378
0.8921,402
0.8584,412
0.9663,396
0.9754,408
1.1052,383
0.9294,411
1.0774,393
0.8989,392
1.0332,398
0.9767,403
1.0648,393
0.9912,398
0.9610,388
0.9581,399
1.0959,390
0.9323,402
1.1774,393
1.0380,387
0.9051,406
0.9791,397
0.9567,394
1.0543,394
1.0865,393
1.1713,375
1.2097,379
0.9596,399
0.9747,395
1.1284,379
1.0650,389
1.0800,393
1.1115,392
1.1859,386
1.1942,398
1.1212,387
1.0165,383
1.3685,375
0.9374,402
1.0096,387
0.8948,408
1.1362,389
0.9428,396
1.0067,400
0.9855,396
1.0575,394
1.0862,396
1.1382,390
1.0625,392
1.0823,396
0.9540,404
0.9578,391
1.0507,396
1.0835,384
1.1201,382
1.1917,388
1.1160,392
0.9816,394
1.1637,381
0.9128,402
1.2035,383
1.0452,395
0.9880,389
0.9993,390
0.9545,402
1.1583,392
1.0367,391
0.9816,403
1.1664,389
0.9934,395
0.9819,387
0.9660,398
0.9908,402
1.0219,392
1.3209,369
1.2707,374
1.0100,400
0.9449,392
1.1661,383
0.9924,397
0.9762,405
1.1089,387
1.0380,399
1.0385,402
1.1042,384
1.1486,369
1.1789,404
1.0978,389
0.9202,403
1.0310,398
1.0748,390
0.8545,408
1.2522,377
0.9272,406
0.9130,405
1.0609,388
1.0594,396
0.9574,404
1.0966,398
1.1254,389
1.0882,388
0.8361,403
1.1453,395
1.1877,390
1.0613,390
1.1371,385
1.1035,384
0.8813,410
0.9807,392
1.1218,394
0.9426,403
1.1152,373
0.9321,409
1.1294,388
1.0978,401
1.0866,399
1.0056,385
0.9301,397
1.0223,402
1.0358,399
1.0279,402
0.9910,395
1.0100,390
1.2112,389
1.0809,375
1.0207,376
0.9560,394
0.9967,395
1.1821,378
1.1363,392
0.9700,391
1.0964,375
1.1124,397
1.0147,393
0.9766,406
1.0440,382
1.0772,383
1.3990,377
0.9058,402
1.0046,408
1.2073,380
1.1180,393
1.1161,391
0.9954,396
0.9849,394
1.1496,379
1.0637,394
1.0399,406
1.1864,372
1.0340,389
1.1465,397
1.0774,394
1.0799,391
1.0174,398
1.0058,381
1.0121,392
1.0595,386
0.9986,395
1.0534,393
1.0719,396
1.0649,380
1.0825,388
1.0463,399
0.9860,390
1.1648,377
1.0770,386
1.0018,404
1.1433,380
1.0530,401
0.9825,386
1.1131,384
1.0710,395
1.0625,396
1.2360,391
1.0604,404
1.0006,410
1.1125,384
1.1496,390
1.0808,385
1.2140,376
1.1298,396
1.1259,387
1.0630,389
1.0689,382
1.0949,396
1.1066,399
1.1143,390
1.0972,376
1.0617,402
0.9577,408
1.0819,380
1.1486,388
1.0641,392
1.1350,388
1.1374,387
1.0784,391
0.9889,394
1.0187,380
1.1040,389
1.2490,386
1.1005,391
1.1275,390
1.0298,408
1.1915,382
1.1241,381
1.0598,394
0.9629,404
1.2903,376
1.2829,390
1.0775,385
1.0941,386
1.0243,391
1.1488,396
1.0721,394
1.0773,388
1.0325,387
1.1192,387
1.1510,390
1.2669,380
1.0541,389
1.0338,393
1.0807,396
1.1575,375
1.2837,376
1.1443,398
1.2043,374
1.0336,390
1.2570,389
1.0959,391
1.0769,389
1.1745,386
0.8983,400
1.1094,377
0.9733,390
0.9543,390
1.1628,385
1.0476,387
1.0680,383
0.9472,395
1.0604,386
1.1877,382
1.1043,382
1.3367,383
1.1779,383
1.0016,395
1.1913,390
1.0516,388
1.0788,401
1.2078,375
1.1934,377
0.9414,385
1.1509,395
1.0608,394
1.0898,393
1.1638,390
1.0929,404
0.9340,399
1.2017,385
1.1615,383
1.2091,386
1.2145,380
1.1062,382
1.0734,409
1.0741,390
1.0293,387
0.9207,406
1.2243,383
0.9661,390
1.1731,388
1.0873,383
0.9588,410
0.9518,393
1.0871,396
1.1051,395
1.2214,384
1.2084,384
0.9096,414
1.0631,401
0.9566,402
1.1853,395
1.0382,396
0.9963,394
1.0261,387
1.0867,379
1.0987,388
1.1040,394
1.2137,384
0.9337,398
1.1388,383
1.2814,391
1.0748,380
1.0355,395
1.0968,389
1.0384,384
1.0739,403
0.9898,401
0.9513,402
1.0965,384
0.9341,396
0.9889,396
0.9559,403
1.0623,399
1.0372,397
1.1354,386
0.9552,401
1.0595,393
0.8505,410
1.0791,386
1.1122,382
1.2176,378
1.0926,391
1.1323,388
1.0640,390
1.1719,386
1.0099,396
1.0012,395
0.9978,395
1.2364,384
1.1194,393
1.0720,382
1.0082,408
1.1365,389
1.1960,398
0.9467,401
1.0587,392
1.1582,386
0.9723,409
1.1438,391
1.0999,397
0.9944,402
1.1241,397
1.0590,404
1.0387,389
1.1063,404
0.9349,394
1.1264,383
1.0929,402
1.0833,390
1.1851,381
0.9773,400
1.2525,388
1.0147,404
1.1023,380
1.1302,387
1.1528,379
1.0169,387
1.0863,394
1.0235,391
1.0193,396
1.0880,394
1.1265,391
1.2548,376
1.2356,379
1.0521,389
1.1723,385
1.1239,397
1.0935,387
1.1120,381
1.1724,391
1.0908,391
1.0245,386
1.2214,372
1.0298,396
1.2476,376
0.8485,415
1.1453,385
1.1784,380
1.0495,398
1.1569,384
1.2173,382
1.2400,386
1.0170,400
1.1960,386
0.9755,398
1.1949,386
1.1359,379
1.0070,398
1.1133,393
1.0392,390
1.1633,389
1.0578,388
1.0451,396
1.2379,372
0.9683,407
1.2045,379
1.0446,391
1.1514,388
1.1324,388
1.1055,390
0.9860,393
1.0515,390
1.1897,387
1.1540,400
1.1877,396
1.0533,390
1.0795,387
1.1889,398
1.1509,372
1.3841,368
1.0385,397
1.2116,380
1.0389,392
1.0513,385
1.0131,395
1.0086,397
1.2234,380
1.2383,374
1.0790,398
1.1068,391
1.1458,383
0.9884,405
1.0265,393
1.0509,395
1.1836,373
1.1181,396
1.0631,381
1.2134,387
0.9663,395
1.2253,375
1.0662,403
1.1874,387
1.2063,398
1.0581,404
1.0944,386
1.1304,387
0.9946,402
1.1665,388
1.0551,395
1.1085,398
1.1335,381
1.0302,393
1.1740,388
0.9309,405
1.0176,379
1.1823,380
1.1765,377
1.0131,397
1.1057,378
1.0024,385
1.1461,383
1.1330,391
1.1250,384
1.2328,376
1.0136,392
0.9358,412
1.0523,404
1.0217,394
0.9196,412
1.0645,387
1.1391,383
0.9635,404
1.0268,393
0.9377,406
1.1433,395
1.0949,386
1.1740,374
1.2991,398
1.0026,396
0.9872,396
1.1721,372
1.2253,376
1.1493,395
1.2188,395
1.2719,386
1.0804,394
1.1218,378
1.2140,385
1.1313,383
1.1273,384
1.2092,387
1.1364,389
1.0781,402
1.1813,393
1.1030,384
1.1108,390
1.0660,413
1.1357,381
1.1712,378
1.0783,390
1.1086,393
1.2583,384
1.2608,384
1.0222,413
1.0117,403
1.1370,386
1.0186,401
1.0916,390
1.2009,378
1.0178,400
1.0594,392
0.9641,393
1.2602,378
1.1375,386
1.2014,386
1.2257,374
0.9845,408
1.0113,391
1.0276,394
0.9804,400
1.1846,369
1.1479,394
1.0249,408
1.0786,371
1.0214,391
1.4238,370
1.0854,383
1.2627,373
1.2780,376
0.9928,385
0.9888,388
1.2401,396
1.1435,386
1.4316,372
1.4199,369
1.4259,372
1.2753,371
1.5341,363
1.3395,368
1.1045,376
1.5147,348
1.2754,374
1.4781,353
1.5043,329
1.4472,345
1.6518,334
1.5399,343
1.5251,338
1.5591,343
1.5565,340
2.0257,220
